-0.882874981647 0.0619377276454 -1.01722960948
-0.885267403409 0.0826732120202 -1.00888995708
-0.872664321894 0.0831680587449 -1.02281083835
-0.869513534328 0.0599433155869 -1.03133463065
-0.860334777645 0.0817991658968 -1.03688282886
-0.856164333315 0.0572535992958 -1.04111918738
-0.857710843634 0.07800206439 -1.03483925374
-0.849681193587 0.0791114179411 -1.04290681601
-0.899060530638 0.0630004089158 -1.00680045085
-0.900607040957 0.08374887401 -1.00052051722
-0.889260031547 0.0845784114367 -1.01358078519
-0.909785797641 0.0618930237011 -0.994972319006
-0.912323352259 0.0845168468546 -0.985961640743
-0.917550285131 0.0606723277052 -0.975061243562
-0.919329473946 0.0808068920755 -0.966234705206
-0.907953457141 0.0825040997656 -0.981128741939
-0.928723656 0.0584194962775 -0.959163359741
-0.931051563981 0.0800735724598 -0.950662048594
-0.931039194338 0.055626959169 -0.936320554994
-0.936159926332 0.0751965065953 -0.94417546985
-0.92842762997 0.0762764709541 -0.948618473475
-0.864320871826 0.00151414891247 -0.79061008135
-0.863699646177 -0.0194018217269 -0.785031156913
-0.855006704751 -0.00947516340606 -0.771909774175
-0.873040828332 0.00832406982923 -0.807372391801
-0.874700740461 -0.00984182443397 -0.806383616638
-0.881709007272 0.0197746264626 -0.825037207783
-0.881855086717 0.000240483077571 -0.821099984392
-0.891257616309 0.0286620421679 -0.84369857152
-0.89055086158 0.009648347016 -0.838375761789
-0.899824695132 0.0365503117929 -0.860421505855
-0.898744567869 0.0207656921257 -0.855137341487
-0.906166178258 0.0476853359604 -0.87393854956
-0.907102479293 0.0286664535158 -0.871498622735
-0.914446758397 0.0541553330859 -0.889855079765
-0.918056536345 0.0317759192974 -0.891385285845
-0.921856993444 0.0597695014526 -0.904062134742
-0.923022730914 0.0447802678725 -0.902888075185
-0.928493494163 0.0699777869658 -0.917897238322
-0.930724325219 0.0520476400482 -0.91796301319
-0.936634630057 0.0762567444858 -0.937464728013
-0.934979994083 0.0630119828857 -0.927782928855
-0.670069478096 -0.0028197023566 -0.998219897374
-0.684330402318 -0.0129491974714 -1.0045685906
-0.690535872605 0.00776358382722 -1.00335351713
-0.70768258595 -0.00384004579261 -1.01089621608
-0.708863536815 0.0142222982463 -1.00842868272
-0.723796303189 0.00591607160274 -1.01471257343
-0.728202885121 0.0252844765288 -1.01311184132
-0.742698994411 0.014951749213 -1.01957111351
-0.748614188175 0.0337755400329 -1.01855843333
-0.761051306203 0.025698806927 -1.02397581643
-0.766906114998 0.0413088218944 -1.02345187101
-0.778946910869 0.0332521792581 -1.02873377467
-0.781718372965 0.052135051752 -1.02666615702
-0.800663178942 0.0359687955876 -1.03552941095
-0.799121460498 0.0582725339228 -1.03148421141
-0.813288394821 0.0486936527255 -1.03771496168
-0.814654344708 0.0635912982794 -1.03581042079
-0.829777925839 0.0556404788641 -1.04210140735
-0.829807687186 0.0734884477881 -1.03928502695
-0.84055375907 0.0663666521539 -1.0439889904
-0.995431803116 -0.0988726055141 -0.961220934844
-0.991427501391 -0.086598373526 -0.965185967227
-0.99086311955 -0.099250270452 -0.971442747093
-0.984610024639 -0.0833475216008 -0.978935952881
-0.984387960996 -0.0985872307503 -0.985448629503
-0.979294957324 -0.0836533269992 -0.990754927773
-0.976327608626 -0.0994506817839 -1.00353996936
-0.970087702819 -0.075885639651 -1.00795919846
-0.968298656439 -0.0977856848335 -1.0205634596
-0.962551210231 -0.0810844399933 -1.02661321967
-0.961079754671 -0.0995774544198 -1.03717775866
-0.955187636935 -0.0820323868618 -1.04321220958
-0.947681885293 -0.0991751694398 -1.05437058504
-0.887943858097 -0.0954947760532 -1.09660199161
-0.882289627889 -0.0826159120862 -1.09790762396
-0.878815528447 -0.0946175516969 -1.10303695188
-0.900444276595 -0.0955245309975 -1.08753175655
-0.894549214507 -0.0800606038622 -1.08845827193
-0.916599162272 -0.0972715250132 -1.07617516318
-0.905101563749 -0.0809464548827 -1.08098079979
-0.931787509806 -0.0964527961692 -1.06496448167
-0.920418215748 -0.0740727325998 -1.0683619413
-0.937098570907 -0.0801559976951 -1.05756589405
-0.988874666357 -0.0927567148806 -0.939727921854
-0.993893727904 -0.0839554484234 -0.950424883808
-1.00012505164 -0.0968508537547 -0.958591306144
-0.973864610231 -0.0853415823007 -0.914987346317
-0.978207611268 -0.0744404618092 -0.924948162751
-0.954348195943 -0.0787896237223 -0.882152905525
-0.96058744161 -0.0622420150962 -0.896615174063
-0.937236094641 -0.0695166701755 -0.854120807645
-0.943016512768 -0.052542466438 -0.867905959576
-0.919512009858 -0.0626983948513 -0.824487727242
-0.926499080114 -0.0454679428487 -0.840446018944
-0.902583692597 -0.0557951488849 -0.796269308649
-0.911296392492 -0.0414352226136 -0.814637513706
-0.889136828712 -0.0462283466093 -0.774730700248
-0.895622491959 -0.0392970659661 -0.787597214573
-0.878700746406 -0.0925122197722 -1.10764348735
-0.869863133788 -0.0795206738792 -1.10264676457
-0.858140902327 -0.0880775203141 -1.10010143455
-0.842118083258 -0.0695660102258 -1.09183790332
-0.831187254109 -0.0802270327376 -1.0898884293
-0.811276741325 -0.0568853549486 -1.07958776988
-0.795399066203 -0.0730821487171 -1.07684969523
-0.780002988885 -0.0466861599532 -1.06754711443
-0.764865382811 -0.063319696953 -1.0651441645
-0.750080517998 -0.0391228553419 -1.05639359873
-0.732570764718 -0.0559696745061 -1.05323494782
-0.721943788857 -0.0346190753609 -1.0463186332
-0.70182082817 -0.0485624681946 -1.04183113252
-0.692451764105 -0.0319758980243 -1.03608734949
-0.678374563145 -0.0386307150819 -1.03245747324
1.44066686028 0.536004561763 2.03308436767
1.49555464667 0.512673676645 2.3960298235
1.46179423899 0.876519151122 2.46287683585
1.45462365645 0.814339809706 2.313904663
1.45814769352 0.541667040831 2.03116908809
1.47647909089 0.539944412127 2.02973047179
1.50125369912 0.463235125089 2.39886174959
1.51211449747 0.484943797941 2.03083034759
1.51177952588 0.456779288442 2.03298355907
1.51065993425 0.432810816245 2.03488891707
1.50217843159 0.392055625377 2.03869010162
1.50484552372 0.516478897172 2.02907279387
1.51752075329 0.400799310528 2.28233726413
1.48061867239 0.348202227065 2.04384199213
1.4185455613 0.47465062559 2.03960689331
1.42533224501 0.447269371079 2.0410921322
1.43192145678 0.424149161848 2.04227100211
1.44954363089 0.386265931008 2.04362862392
1.41839843016 0.506969872391 2.03718095685
1.47770196544 0.396416950044 2.2860680485
0.609576626818 -0.297949626482 0.236297865323
0.78970360449 -0.251511684799 0.436087079478
0.766604321133 -0.284587851148 0.414538754387
0.570402301775 -0.299584125574 0.280801199654
0.44634273045 -0.348444759232 0.0979531608875
0.517557636054 -0.258477573806 -0.00663827129376
0.851072589612 -0.164152340178 0.349706803097
0.354917968587 -0.264411704491 0.191146342478
0.708730581619 -0.170092540623 0.511411988592
-0.891230035683 -0.228149146842 -0.767039045722
-0.881415856967 -0.199428636793 -0.746700416892
-1.00121736663 -0.240430709143 -0.969778821483
-0.992628466379 -0.302017600759 -0.973649776752
-0.877387540372 -0.25513307437 -0.752152895558
-0.858332797756 -0.262494710667 -0.725573659153
-0.786894414812 -0.277027116924 -0.665300470588
-0.812338585618 -0.1106991853 -0.66879305097
-0.857264357013 -0.196335679609 -0.710470224016
-0.83923586094 -0.241917018977 -0.693218199908
-0.862230613835 -0.244339000679 -0.752921997048
-0.866446773442 -0.236182085369 -0.758837038874
-0.172150081897 -0.13716144676 -0.761155634638
-0.556252137481 -0.101354887995 -0.980217571342
-0.177833059641 0.0364113633152 -0.79002276538
-0.543007397203 -0.268128985771 -0.9618891581
-0.884162979174 -0.236159510895 -1.11212765627
-0.643415092128 -0.190744164869 -1.03613111446
-0.664415054932 -0.219873288299 -1.04286671365
-0.884484325754 -0.298072283463 -1.10516278152
-0.646343759997 -0.246702896626 -1.03312317336
-0.616373002987 -0.253665898915 -1.01981887404
-0.603301739537 -0.187068602116 -1.01931202913
-0.581551885626 -0.232514478016 -1.00658544936
-0.651337015296 -0.228333497746 -1.02043005344
-0.644480429267 -0.23639357199 -1.01772611331
-1.01183937089 -0.26330054045 -1.00945748304
-0.924456836133 -0.26011164037 -1.11572271472
-0.84682838997 -0.029001211904 -0.730684139632
-0.812687512341 -0.0234255287047 -0.686339390748
-0.985144881005 -0.33314685381 -0.994305493605
-0.749634382031 -0.350437125677 -0.695218388933
-0.969626187802 -0.353561545357 -1.02088203366
-0.701035497702 -0.398622859042 -0.744033420721
-0.948447876328 -0.360156157659 -1.04934420169
-0.648495793092 -0.41424898911 -0.804314670274
-0.924831538396 -0.351927279019 -1.07535637128
-0.600014208322 -0.394936661498 -0.866884549112
-0.902374958482 -0.330126458819 -1.09496132693
-0.562971568097 -0.343626415443 -0.92221734446
-0.626026693791 -0.0209443743756 -0.99919918575
-0.576094472112 -0.0147927839057 -0.974058092261
-0.206801202185 0.161171501358 -0.78069830122
-0.198505764326 -0.246832840757 -0.70238841926
-0.248255279666 -0.349747161872 -0.621074028984
-0.312360995733 -0.424461373255 -0.528214921528
-0.393208228783 -0.355036319486 -0.444797999543
-0.466343571382 -0.256605933379 -0.3766731723
-0.522096931915 -0.149930752681 -0.335588258068
-0.556612848669 0.0225903937068 -0.329391986229
-0.55674834781 0.148402811488 -0.355130694221
-1.02323831705 -0.286449947823 -1.04418433145
-1.025716752 -0.31384017324 -1.06864740024
-1.02409664429 -0.334931109784 -1.09130788451
-1.01458167262 -0.341553178416 -1.10316860933
-1.00498818732 -0.334233970934 -1.11454549225
-0.983700468628 -0.312307649252 -1.11974291616
-0.960037420049 -0.284143514646 -1.12104246003
0.215772492998 0.128702244768 -0.510558205619
0.380675391732 0.339312981069 -0.39316697982
0.591708802861 0.237302500493 -0.198327838238
0.559187593501 0.376483504216 -0.187678203935
0.183337566334 0.26774504265 -0.499984396722
0.557951555267 0.410254685423 -0.249447436887
0.0318310575329 0.200420429624 -0.607660949898
-0.12652016126 0.162208794159 -0.722769907774
-0.0977395433737 0.0473760464076 -0.752949048584
-0.0940400497089 -0.115407312445 -0.723956698083
-0.112983779855 -0.221967993032 -0.650697166416
-0.095570743751 0.0521361015152 -0.731432752395
-0.0511146711275 0.178836379959 -0.668318858368
-0.0188568509122 0.0616891366612 -0.696641509645
-0.0918706887312 -0.11064795681 -0.702440936328
-0.0154952553732 -0.0985520824187 -0.668310937379
-0.0391039993375 -0.216584034342 -0.594104975981
-0.0166875101334 0.0664487470574 -0.67512593414
0.0583251547816 0.0792745644144 -0.642127061293
-0.013325970786 -0.0937927397969 -0.646795238832
0.0637584291355 -0.0815444199503 -0.612163305289
0.0371528264207 -0.214028184625 -0.533870331624
0.0604938891052 0.0840346944654 -0.620610875646
0.111262117655 0.21354170143 -0.551319725421
0.138494252725 0.0904506914182 -0.584358427067
0.143521695563 -0.0711175930893 -0.554575893065
0.0659271114544 -0.0767846430292 -0.590646936625
0.116897964421 -0.208017351927 -0.472906095911
0.140663071077 0.0952108357838 -0.562842171893
0.213517608214 0.134959990557 -0.529732994405
0.145690438995 -0.066357805756 -0.533059473835
0.213175565783 -0.0277557408447 -0.50375525373
0.191004275662 -0.19549684948 -0.413877210864
-0.484428263443 0.149149477905 -0.287521021292
-0.34201322477 0.186779701154 -0.153032228826
-0.505071796272 0.0325137899086 -0.257595979602
-0.471135917906 -0.129167535752 -0.265375158921
-0.399826910808 -0.232434579579 -0.301869706608
-0.435002847704 0.0465053231641 -0.19057029049
-0.416920943898 0.165489014362 -0.223465104776
-0.483692154451 0.0379748445154 -0.259441826622
-0.401855734684 -0.112649843361 -0.198461467171
-0.449756893632 -0.123706049448 -0.267220348465
-0.330184970935 -0.227203803951 -0.240124371634
-0.367117519402 0.0637520090459 -0.124750316601
-0.413624087125 0.0519659038723 -0.192415133102
-0.331950832389 -0.0959828806953 -0.130944933649
-0.380476169254 -0.107188801768 -0.200307377397
-0.256426762067 -0.224740552256 -0.176850887164
-0.295274623105 0.0746244260764 -0.0568561392946
-0.271769642913 0.199566337064 -0.0855183157487
-0.345738156555 0.0692121554548 -0.12659582933
-0.31057125932 -0.0905218378009 -0.132790837554
-0.260341619461 -0.0858526763683 -0.0634414921495
-0.181379814591 -0.218900769136 -0.110173142909
-0.228490570772 0.118832741716 0.00778910904084
-0.209068725963 0.253427115849 -0.0227825976347
-0.273895168589 0.0800845881007 -0.0587015761757
-0.109514777517 -0.206461362861 -0.0484188047776
-0.198294789875 -0.042768677966 -0.00336993831628
-0.238962164945 -0.0803925143443 -0.0652869290297
0.873826247139 0.421575299929 0.208957590563
0.901413122352 0.29917296981 0.201892897831
0.59836919117 0.0400985408452 -0.165776765069
0.908141210901 0.126137363831 0.228310498991
0.571664976219 -0.128263313925 -0.0988399938055
0.887223255842 -0.0216674133177 0.28093669167
0.27114592304 -0.139227827307 0.266618412281
0.639989359175 -0.0319851002531 0.561801539227
0.205722148133 0.0257722521895 0.311717721857
0.585112506533 0.112655905339 0.595276339928
0.166709892986 0.221795371524 0.318509548611
0.551773777109 0.28458213545 0.599096540089
0.166761339048 0.36216561216 0.289547713841
0.55079747546 0.40809419555 0.575923439957
-0.209066452766 0.113201508851 0.00608453575225
-0.174938552425 -0.0414612833652 -0.00331949520185
-0.0257429192741 -0.331646132628 -0.123890464442
0.0656821534021 -0.415678381125 -0.217084187666
0.136896935497 -0.325711109359 -0.321675488353
0.217708490613 -0.0271349947095 -0.480813982127
-0.0682172785276 0.322933705033 0.152727462916
0.104955880052 0.393726293275 0.301436511707
1.3954248477 0.531834942552 1.8334281207
1.34463861259 0.583155286769 1.8288519479
1.35862488995 0.505684463308 1.73768672603
1.2209843541 0.562519923657 1.48350352733
1.18742271187 0.610091178509 1.491742225
1.17616431919 0.563892487738 1.43706833223
1.26980824818 0.506550717413 1.47414771415
1.18390735247 0.47897581701 1.35191224723
1.48085807062 0.517572390397 1.70243473989
1.52680217045 0.600872496416 1.77632373948
1.49617975489 0.541634593781 1.80437662592
1.44902882609 0.586773767125 1.30254120559
1.47919868233 0.634556025369 1.34787647604
1.45895002445 0.582473048345 1.36617464646
1.38860272857 0.496139854984 1.25098715697
1.42979231106 0.519965633984 1.39526629641
1.466515789 0.170936449185 1.76735549246
1.437742819 0.23687907145 1.68983028528
1.46885208995 0.277625059332 1.81143561097
1.47857950368 0.178480122275 1.81173788259
1.48729775621 0.141840504679 1.82961255181
0.810629099771 0.319516268533 0.842966170401
0.810667877551 0.425563460368 0.824677506693
0.839957340929 0.173390721806 0.841196618615
0.88938563556 0.0508743202347 0.816934528834
0.953061783351 -0.0438722219187 0.774814029487
1.02312995863 -0.112150736969 0.722287659215
1.07653470099 -0.0370287820835 0.660361016046
1.11753553566 0.063520611413 0.605453393373
1.13805304722 0.189914346748 0.564886236479
1.13327848851 0.337399443478 0.543883565489
1.10876351266 0.442086746129 0.54836728041
0.984474002919 0.352415212835 1.08553034356
0.986076460419 0.441857241056 1.07250431153
1.01054214248 0.231215377326 1.08630289875
1.05640903985 0.13028078091 1.07250183224
1.11670364802 0.0511422035519 1.04713911275
1.18398686965 -0.00917398917632 1.01505556327
1.23619948202 0.0602612724115 0.974472590738
1.27720476345 0.147130077124 0.938228849866
1.2990252312 0.253230113663 0.910865159111
1.29672768882 0.376244208811 0.895640712126
1.27455938056 0.46387117407 0.897066941013
1.41206728031 0.484016847668 1.26035773513
1.42975887758 0.415287441537 1.26018234672
1.43107386458 0.320375451773 1.27107753893
1.41298156633 0.238303144173 1.28979544625
1.37977102764 0.168293135932 1.31435010622
1.33815911536 0.10659601419 1.34193622609
1.28316322133 0.160191659721 1.36197709983
1.2344789545 0.223335113145 1.37780330579
1.19785421344 0.300819511138 1.38606933476
1.17731699465 0.394119510756 1.384641068
1.17884762918 0.464460907032 1.37534953096
1.31879580254 0.483243897234 1.69888711493
1.3168300966 0.43604789876 1.70405000447
1.33109127134 0.377387896621 1.70582087877
1.35789256726 0.329088663106 1.70307050642
1.39474252056 0.28492490187 1.69711733858
1.46874542126 0.292122897459 1.67577794962
1.49462806481 0.342387436178 1.66363858679
1.50973663441 0.394761448857 1.65429302278
1.51020457947 0.454854752333 1.64828497702
1.49744135291 0.500618342054 1.64735884881
1.49287689911 0.531098930128 2.02899429337
1.42671158342 0.523820613115 2.0351981281
-0.806998022768 0.167612186208 -0.862904140675
-0.822434485461 0.0145514516282 -0.83416514549
-0.777991776197 0.147577025961 -0.709286438495
-0.742033511083 0.197151709942 -0.762951360467
-0.724062218644 0.0181406761513 -0.9537947559
-0.5969109636 0.154183697419 -0.929497096641
-0.753759200842 0.169554548811 -0.927647359161
-0.64403336132 0.200727477376 -0.882128467457
-0.789560951531 0.176898322513 -0.902576505892
-0.694993555776 0.215815759766 -0.823645447715
-0.473488408466 0.317768861686 -0.490626271189
-0.403717878753 0.343708948976 -0.580290055776
-0.328535478079 0.323057930042 -0.666902259617
-0.259387670326 0.258958841683 -0.737276020589
-0.527225593287 0.249186546548 -0.411560797736
-0.892345710263 0.107240858643 -0.966028983078
-0.927142186717 0.0845011286096 -0.969578566421
-0.878364201314 0.0867345738405 -1.02197064843
-0.869634749825 0.108069137938 -0.993647500231
-0.880661525071 0.11021583927 -0.979490726823
0.500291528485 0.48621426609 -0.139089208536
0.36086145443 0.409279359354 -0.383625065577
0.124576348172 0.377251143323 -0.451512120776
0.260093502199 0.551993501911 0.137666341302
0.626472684658 0.57506845777 0.457760234135
0.690709268183 0.600790323946 0.380256202234
0.338377127824 0.581098350945 0.0370622414522
0.4227329844 0.557927762105 -0.0601180752275
0.760273136321 0.580651846712 0.305755529692
0.824574109867 0.517720166773 0.245603122962
0.199778000125 0.475249421707 0.226362588518
0.577340213201 0.507402479836 0.526467970518
-0.115763657997 0.443399225158 -0.174660915666
-0.176133993767 0.366279105301 -0.0858209779277
0.0468763668292 0.449332696623 -0.372445825615
-0.0374793024422 0.472504178045 -0.275265919074
-0.0647549311026 0.393750050267 0.133963155857
0.83597937713 0.51068112416 0.786814422709
0.881858676946 0.569159862636 0.734656544814
1.06412957922 0.52332689718 0.575333028953
1.00533169573 0.576003784466 0.620203309897
0.941331902865 0.592099200707 0.676154924716
1.01188433541 0.513624022004 1.04739011179
1.05716877511 0.563718404752 1.01356167023
1.2326801714 0.530473853767 0.913116883336
1.17666460911 0.572837473612 0.940895148219
1.11503124471 0.584511079744 0.976165015404
1.2368263116 0.559135073669 1.33584378315
1.28367356292 0.575695897933 1.31120725732
1.3334341179 0.56723654988 1.28821678954
1.37851539669 0.535042557219 1.27035733186
1.2000134024 0.520074094495 1.35836453392
1.36459900434 0.544453981148 1.68011588136
1.3358432702 0.518924077476 1.69063519339
1.47257876775 0.532222850548 1.65120327377
1.43860171773 0.551651084155 1.65877690254
1.40068365259 0.555945496838 1.66892928995
1.49633963525 0.272123087274 2.12223671594
1.5173144433 0.147619043362 2.19985330567
1.55316442307 -0.0731694874502 2.32318700621
1.59710856066 -0.311398347677 2.51229879474
1.62020684094 -0.3978732492 2.65715330004
1.60628761315 -0.284991515849 2.64113214145
1.56863147518 -0.0446132293555 2.52154879955
0.530890811608 -0.484665251345 0.163390150924
0.617825801639 -0.620070433033 0.271248906938
0.682890061705 -0.680979205082 0.326285755233
0.784975028488 -0.75321199996 0.413493489237
0.862151351822 -0.7921296365 0.480003390809
0.839759862991 -0.697157470464 0.463780699067
0.834497665387 -0.561662041651 0.464124943561
0.812780325369 -0.375660782679 0.451840501012
0.830602034671 -0.342401110929 0.468749614851
0.822143564453 -0.305444742435 0.462662138341
-0.866140173973 -0.225875892249 -0.760035284306
-0.861391235358 -0.21618000929 -0.756197871547
-0.853473332192 -0.209694281457 -0.748351488627
-0.844508046667 -0.208154421225 -0.73859944418
-0.836897547821 -0.211975347397 -0.729553748215
-0.832681200909 -0.220131370124 -0.723639116527
-0.832987987682 -0.230438455826 -0.722440460956
-0.837737502898 -0.240133576335 -0.726278915924
-0.84565559337 -0.246620196751 -0.734124888705
-0.854619927685 -0.248159034269 -0.743876711221
-0.652756456918 -0.218089873993 -1.01952935998
-0.648358801032 -0.208407376098 -1.01526463856
-0.639322113421 -0.201879805085 -1.00877900976
-0.62806818028 -0.200257165585 -1.00181001947
-0.617611927539 -0.203973304665 -0.996225215613
-0.610755837588 -0.212034055643 -0.993520536608
-0.609336334212 -0.222277722565 -0.994421295808
-0.613734815758 -0.231960307423 -0.998686583553
-0.622771194596 -0.238488094284 -1.00517254109
-0.634024116812 -0.240110776331 -1.0121411623
-0.956828158542 -0.106087269016 -1.0474308779
-0.878607143853 -0.0968333492875 -1.10699354037
-0.999737126269 -0.101441253855 -0.9588586539
0.675974766251 0.569890643921 -0.651963581312
0.489974558199 0.473450011857 -0.627849551336
0.892605889893 0.671781321109 -0.67802103618
1.05137564162 0.737944851098 -0.660335057492
1.10370710844 0.746132324679 -0.614265479118
1.0137504157 0.699583284204 -0.536145954873
0.900601145417 0.608806490066 -0.468649633669
0.741872264579 0.50225040369 -0.364216031228
0.697047904131 0.478857426313 -0.318329044358
0.624966862491 0.429163022572 -0.223311101365
0.143004370225 0.411577375593 0.362799203114
0.0623204054533 0.455697628096 0.453557452838
0.0253126046218 0.476104517484 0.507185877578
-0.0594940682377 0.573773684078 0.698913882536
-0.1014479848 0.658894397646 0.820036497545
-0.164872157381 0.699845362463 0.928442405759
-0.212071408998 0.691845295922 0.876129974137
-0.263210439433 0.62960795267 0.727557019241
-0.281606184135 0.534950757021 0.512542118792
-0.281139626205 0.445314590435 0.309895418358
