3 0 1 2 
3 2 3 0 
3 1 4 5 
3 5 2 1 
3 4 6 7 
3 7 5 4 
3 6 8 9 
3 9 7 6 
3 8 10 11 
3 11 9 8 
3 10 12 13 
3 13 11 10 
3 12 14 15 
3 15 13 12 
3 16 17 18 
3 18 19 16 
3 17 20 21 
3 21 18 17 
3 20 22 23 
3 23 21 20 
3 22 24 25 
3 25 23 22 
3 24 26 27 
3 27 25 24 
3 26 28 29 
3 29 27 26 
3 28 30 31 
3 31 29 28 
3 32 33 34 
3 34 17 32 
3 34 35 20 
3 20 17 34 
3 35 36 22 
3 22 20 35 
3 36 37 24 
3 24 22 36 
3 37 38 26 
3 26 24 37 
3 38 39 28 
3 28 26 38 
3 39 40 30 
3 30 28 39 
3 41 42 35 
3 35 34 41 
3 42 43 36 
3 36 35 42 
3 43 44 37 
3 37 36 43 
3 44 45 38 
3 38 37 44 
3 45 46 39 
3 39 38 45 
3 46 47 40 
3 40 39 46 
3 3 2 41 
3 41 48 3 
3 2 5 42 
3 42 41 2 
3 5 7 43 
3 43 42 5 
3 7 9 44 
3 44 43 7 
3 9 11 45 
3 45 44 9 
3 11 13 46 
3 46 45 11 
3 13 15 47 
3 47 46 13 
3 48 41 34 
3 34 33 48 
3 19 18 49 
3 49 50 19 
3 18 21 51 
3 51 49 18 
3 21 23 52 
3 52 51 21 
3 23 25 53 
3 53 52 23 
3 25 27 54 
3 54 53 25 
3 27 29 55 
3 55 54 27 
3 29 31 56 
3 56 55 29 
3 49 51 57 
3 57 58 49 
3 51 52 59 
3 59 57 51 
3 52 53 60 
3 60 59 52 
3 53 54 61 
3 61 60 53 
3 54 55 62 
3 62 61 54 
3 55 56 63 
3 63 62 55 
3 64 65 58 
3 58 1 64 
3 58 57 4 
3 4 1 58 
3 57 59 6 
3 6 4 57 
3 59 60 8 
3 8 6 59 
3 60 61 10 
3 10 8 60 
3 61 62 12 
3 12 10 61 
3 62 63 14 
3 14 12 62 
3 66 67 50 
3 50 49 66 
3 32 17 16 
3 3 48 68 
3 48 33 69 
3 69 70 48 
3 19 50 71 
3 64 1 0 
3 66 49 58 
3 58 65 66 
3 72 73 74 
3 74 75 72 
3 76 0 3 
3 3 77 76 
3 14 78 79 
3 79 15 14 
3 80 81 82 
3 82 83 80 
3 84 16 19 
3 19 85 84 
3 30 86 87 
3 87 31 30 
3 88 89 81 
3 81 80 88 
3 90 32 16 
3 16 84 90 
3 40 91 86 
3 86 30 40 
3 92 93 89 
3 89 88 92 
3 94 68 95 
3 95 96 94 
3 47 97 91 
3 91 40 47 
3 75 74 93 
3 93 92 75 
3 77 3 68 
3 68 94 77 
3 15 79 97 
3 97 47 15 
3 98 99 87 
3 87 86 98 
3 83 82 100 
3 100 101 83 
3 85 19 71 
3 71 102 85 
3 31 87 99 
3 99 56 31 
3 101 100 103 
3 103 104 101 
3 102 71 105 
3 105 106 102 
3 56 99 98 
3 98 63 56 
3 104 103 73 
3 73 72 104 
3 107 64 0 
3 0 76 107 
3 63 98 78 
3 78 14 63 
3 94 96 32 
3 32 90 94 
3 98 86 91 
3 91 97 98 
3 102 106 64 
3 64 107 102 
3 98 97 79 
3 79 78 98 
3 108 109 110 
3 110 111 108 
3 109 72 75 
3 75 110 109 
3 73 76 77 
3 77 74 73 
3 112 113 114 
3 114 115 112 
3 113 80 83 
3 83 114 113 
3 81 84 85 
3 85 82 81 
3 116 117 113 
3 113 112 116 
3 117 88 80 
3 80 113 117 
3 89 90 84 
3 84 81 89 
3 118 119 117 
3 117 116 118 
3 119 92 88 
3 88 117 119 
3 93 94 90 
3 90 89 93 
3 120 121 122 
3 122 123 120 
3 111 110 119 
3 119 118 111 
3 110 75 92 
3 92 119 110 
3 74 77 94 
3 94 93 74 
3 116 112 115 
3 115 124 116 
3 115 114 125 
3 125 124 115 
3 114 83 101 
3 101 125 114 
3 82 85 102 
3 102 100 82 
3 124 125 126 
3 126 127 124 
3 125 101 104 
3 104 126 125 
3 100 102 107 
3 107 103 100 
3 128 129 130 
3 130 131 128 
3 127 126 109 
3 109 108 127 
3 126 104 72 
3 72 109 126 
3 103 107 76 
3 76 73 103 
3 116 124 127 
3 127 108 116 
3 116 108 111 
3 111 118 116 
3 132 133 134 
3 134 135 132 
3 136 137 138 
3 138 139 136 
3 133 132 69 
3 69 33 133 
3 132 135 96 
3 96 69 132 
3 135 134 32 
3 32 96 135 
3 134 133 33 
3 33 32 134 
3 121 120 95 
3 95 68 121 
3 120 123 70 
3 70 95 120 
3 123 122 48 
3 48 70 123 
3 122 121 68 
3 68 48 122 
3 137 136 96 
3 96 95 137 
3 136 139 69 
3 69 96 136 
3 139 138 70 
3 70 69 139 
3 138 137 95 
3 95 70 138 
3 140 141 142 
3 142 143 140 
3 144 145 146 
3 146 147 144 
3 50 67 143 
3 143 142 50 
3 67 105 140 
3 140 143 67 
3 105 71 141 
3 141 140 105 
3 71 50 142 
3 142 141 71 
3 64 106 131 
3 131 130 64 
3 106 66 128 
3 128 131 106 
3 66 65 129 
3 129 128 66 
3 65 64 130 
3 130 129 65 
3 106 105 147 
3 147 146 106 
3 105 67 144 
3 144 147 105 
3 67 66 145 
3 145 144 67 
3 66 106 146 
3 146 145 66 
3 148 149 150 
3 150 151 148 
3 150 149 152 
3 152 153 150 
3 153 152 154 
3 154 155 153 
3 155 154 156 
3 156 157 155 
3 157 156 158 
3 158 159 157 
3 159 158 160 
3 160 161 159 
3 161 160 162 
3 162 163 161 
3 163 162 164 
3 164 165 163 
3 166 167 168 
3 168 169 166 
3 166 169 170 
3 170 171 166 
3 171 170 172 
3 172 173 171 
3 173 172 174 
3 174 175 173 
3 175 174 176 
3 176 177 175 
3 177 176 178 
3 178 179 177 
3 179 178 180 
3 180 181 179 
3 181 180 182 
3 182 183 181 
3 184 150 153 
3 153 185 184 
3 185 153 155 
3 155 186 185 
3 186 155 157 
3 157 187 186 
3 187 157 159 
3 159 188 187 
3 188 159 161 
3 161 189 188 
3 189 161 163 
3 163 190 189 
3 190 163 165 
3 165 191 190 
3 191 165 167 
3 167 192 191 
3 192 167 166 
3 166 193 192 
3 193 166 171 
3 171 194 193 
3 194 171 173 
3 173 195 194 
3 195 173 175 
3 175 196 195 
3 196 175 177 
3 177 197 196 
3 197 177 179 
3 179 198 197 
3 198 179 181 
3 181 199 198 
3 181 183 199 
3 184 200 151 
3 151 150 184 
3 200 184 201 
3 201 202 200 
3 202 201 203 
3 203 204 202 
3 204 203 205 
3 205 206 204 
3 206 205 207 
3 207 208 206 
3 209 208 207 
3 207 210 209 
3 208 211 212 
3 212 206 208 
3 204 213 214 
3 214 202 204 
3 202 214 215 
3 215 200 202 
3 200 215 148 
3 148 151 200 
3 206 212 213 
3 213 204 206 
3 216 211 208 
3 208 209 216 
3 165 164 168 
3 168 167 165 
3 217 218 149 
3 149 148 217 
3 219 152 149 
3 149 218 219 
3 220 154 152 
3 152 219 220 
3 221 156 154 
3 154 220 221 
3 222 158 156 
3 156 221 222 
3 223 160 158 
3 158 222 223 
3 224 162 160 
3 160 223 224 
3 225 164 162 
3 162 224 225 
3 169 168 226 
3 226 227 169 
3 228 170 169 
3 169 227 228 
3 229 172 170 
3 170 228 229 
3 230 174 172 
3 172 229 230 
3 231 176 174 
3 174 230 231 
3 232 178 176 
3 176 231 232 
3 233 180 178 
3 178 232 233 
3 234 182 180 
3 180 233 234 
3 235 219 218 
3 218 236 235 
3 237 220 219 
3 219 235 237 
3 238 221 220 
3 220 237 238 
3 239 222 221 
3 221 238 239 
3 240 223 222 
3 222 239 240 
3 241 224 223 
3 223 240 241 
3 242 225 224 
3 224 241 242 
3 243 226 225 
3 225 242 243 
3 244 227 226 
3 226 243 244 
3 245 228 227 
3 227 244 245 
3 246 229 228 
3 228 245 246 
3 247 230 229 
3 229 246 247 
3 248 231 230 
3 230 247 248 
3 249 232 231 
3 231 248 249 
3 250 233 232 
3 232 249 250 
3 250 234 233 
3 218 217 251 
3 251 236 218 
3 252 253 236 
3 236 251 252 
3 254 255 253 
3 253 252 254 
3 256 257 255 
3 255 254 256 
3 258 259 257 
3 257 256 258 
3 260 261 259 
3 259 258 260 
3 256 212 211 
3 211 258 256 
3 252 214 213 
3 213 254 252 
3 251 215 214 
3 214 252 251 
3 217 148 215 
3 215 251 217 
3 254 213 212 
3 212 256 254 
3 262 258 211 
3 211 216 262 
3 226 168 164 
3 164 225 226 
3 209 210 263 
3 260 258 262 
3 183 264 265 
3 265 266 183 
3 266 265 267 
3 267 268 266 
3 268 267 269 
3 269 270 268 
3 270 269 271 
3 271 272 270 
3 273 274 275 
3 275 276 273 
3 276 275 277 
3 277 278 276 
3 277 279 278 
3 279 280 281 
3 281 278 279 
3 278 281 282 
3 282 276 278 
3 276 282 283 
3 283 273 276 
3 284 283 282 
3 282 285 284 
3 285 282 281 
3 281 286 285 
3 286 281 280 
3 280 287 286 
3 288 284 285 
3 285 289 288 
3 285 290 289 
3 291 290 285 
3 285 286 291 
3 286 292 291 
3 293 292 286 
3 286 287 293 
3 294 295 296 
3 296 297 294 
3 297 296 199 
3 199 298 297 
3 199 183 298 
3 298 299 297 
3 297 299 300 
3 300 294 297 
3 301 300 299 
3 299 302 301 
3 301 302 303 
3 303 304 301 
3 183 305 306 
3 306 298 183 
3 298 306 307 
3 307 299 298 
3 299 307 308 
3 308 302 299 
3 183 266 305 
3 266 268 305 
3 304 303 309 
3 309 310 304 
3 310 309 311 
3 311 312 310 
3 312 311 313 
3 313 314 312 
3 315 313 308 
3 308 316 315 
3 311 309 303 
3 303 302 311 
3 316 308 307 
3 307 317 316 
3 307 306 317 
3 318 319 320 
3 320 321 318 
3 321 320 322 
3 322 323 321 
3 323 322 324 
3 324 325 323 
3 325 324 326 
3 326 327 325 
3 328 270 272 
3 268 270 328 
3 328 305 268 
3 305 328 326 
3 326 306 305 
3 326 328 272 
3 272 327 326 
3 327 329 330 
3 330 325 327 
3 331 323 325 
3 325 330 331 
3 304 310 332 
3 332 333 304 
3 333 332 334 
3 334 335 333 
3 335 334 336 
3 336 337 335 
3 338 339 340 
3 340 341 338 
3 341 340 342 
3 342 343 341 
3 343 342 344 
3 344 345 343 
3 344 346 345 
3 345 346 347 
3 347 348 345 
3 347 349 348 
3 348 349 350 
3 350 351 348 
3 350 352 351 
3 351 352 353 
3 353 354 351 
3 354 353 355 
3 355 356 354 
3 356 355 357 
3 357 358 356 
3 338 337 336 
3 336 339 338 
3 310 312 359 
3 359 332 310 
3 360 359 312 
3 312 314 360 
3 334 332 359 
3 359 361 334 
3 361 359 360 
3 360 362 361 
3 362 360 363 
3 363 364 362 
3 362 365 366 
3 366 361 362 
3 361 366 336 
3 336 334 361 
3 339 336 366 
3 366 367 339 
3 367 366 365 
3 365 368 367 
3 365 369 368 
3 365 362 364 
3 364 369 365 
3 364 370 369 
3 371 372 373 
3 373 374 371 
3 375 376 377 
3 376 375 378 
3 378 379 376 
3 367 371 374 
3 374 376 367 
3 379 342 340 
3 340 376 379 
3 380 381 382 
3 382 378 380 
3 378 382 383 
3 383 379 378 
3 379 383 344 
3 344 342 379 
3 344 383 384 
3 385 347 346 
3 346 386 385 
3 350 349 387 
3 387 388 350 
3 352 389 390 
3 382 381 391 
3 391 392 382 
3 391 393 392 
3 393 394 392 
3 393 395 394 
3 352 390 396 
3 396 353 352 
3 397 396 390 
3 390 392 397 
3 396 397 398 
3 396 398 399 
3 399 400 396 
3 399 401 400 
3 400 401 402 
3 402 403 400 
3 400 403 357 
3 357 355 400 
3 400 355 353 
3 353 396 400 
3 397 404 405 
3 394 395 406 
3 406 404 394 
3 407 408 399 
3 399 398 407 
3 406 395 409 
3 409 410 406 
3 409 411 410 
3 404 397 392 
3 392 394 404 
3 412 413 402 
3 402 401 412 
3 410 414 402 
3 402 413 410 
3 414 410 411 
3 411 415 414 
3 414 415 416 
3 416 417 414 
3 416 415 418 
3 418 419 416 
3 419 418 420 
3 420 421 419 
3 422 423 421 
3 419 423 424 
3 424 416 419 
3 416 424 425 
3 425 417 416 
3 422 421 426 
3 426 427 422 
3 427 426 428 
3 428 429 427 
3 429 428 430 
3 430 431 429 
3 431 430 432 
3 432 433 431 
3 433 432 434 
3 434 435 433 
3 433 435 436 
3 436 431 433 
3 431 436 437 
3 437 438 431 
3 438 437 439 
3 439 440 438 
3 441 442 443 
3 443 444 441 
3 441 444 445 
3 445 446 441 
3 446 445 425 
3 425 424 446 
3 427 446 424 
3 424 423 427 
3 440 427 429 
3 429 438 440 
3 429 431 438 
3 402 447 448 
3 448 403 402 
3 403 448 449 
3 449 357 403 
3 449 450 357 
3 440 439 442 
3 442 441 440 
3 441 446 427 
3 427 440 441 
3 451 293 287 
3 287 450 451 
3 358 357 450 
3 450 287 358 
3 293 451 452 
3 453 454 455 
3 455 456 453 
3 457 458 459 
3 459 460 457 
3 459 290 291 
3 291 460 459 
3 455 292 293 
3 293 456 455 
3 293 452 456 
3 461 462 463 
3 463 464 461 
3 463 462 288 
3 288 289 463 
3 432 465 434 
3 465 432 430 
3 430 466 465 
3 466 430 428 
3 428 467 466 
3 467 428 426 
3 426 468 467 
3 468 426 421 
3 421 469 468 
3 469 421 470 
3 470 471 469 
3 418 415 472 
3 472 420 418 
3 472 415 411 
3 411 473 472 
3 473 411 409 
3 409 474 473 
3 474 409 395 
3 395 475 474 
3 475 395 393 
3 393 476 475 
3 476 393 391 
3 391 477 476 
3 478 381 380 
3 380 479 478 
3 479 380 480 
3 480 481 479 
3 481 480 482 
3 482 483 481 
3 319 318 484 
3 484 485 319 
3 381 478 477 
3 477 391 381 
3 486 420 472 
3 472 473 487 
3 487 486 472 
3 474 487 473 
3 475 488 487 
3 487 474 475 
3 488 475 476 
3 476 489 488 
3 477 489 476 
3 420 486 470 
3 470 421 420 
3 490 478 479 
3 479 491 490 
3 489 477 478 
3 478 490 489 
3 479 481 492 
3 492 491 479 
3 485 484 483 
3 483 482 485 
3 492 481 483 
3 483 493 492 
3 484 493 483 
3 494 493 484 
3 484 318 494 
3 275 274 495 
3 495 496 275 
3 496 495 497 
3 497 498 496 
3 498 497 499 
3 499 500 498 
3 500 499 188 
3 188 501 500 
3 501 188 189 
3 189 502 501 
3 502 189 503 
3 503 504 502 
3 504 503 505 
3 505 506 504 
3 506 505 192 
3 192 507 506 
3 507 192 508 
3 508 509 507 
3 509 508 510 
3 510 511 509 
3 511 510 512 
3 512 513 511 
3 513 512 514 
3 514 515 513 
3 514 295 515 
3 277 275 496 
3 496 516 277 
3 516 496 498 
3 498 517 516 
3 517 498 500 
3 500 518 517 
3 518 500 501 
3 501 519 518 
3 519 501 502 
3 502 520 519 
3 520 502 504 
3 504 521 520 
3 521 504 506 
3 506 522 521 
3 522 506 507 
3 507 523 522 
3 523 507 509 
3 509 524 523 
3 524 509 511 
3 511 525 524 
3 525 511 513 
3 513 526 525 
3 526 513 515 
3 515 527 526 
3 527 515 295 
3 295 294 527 
3 279 277 516 
3 516 528 279 
3 528 516 517 
3 517 529 528 
3 529 517 518 
3 518 530 529 
3 530 518 519 
3 519 531 530 
3 531 519 520 
3 520 532 531 
3 532 520 521 
3 521 533 532 
3 533 521 522 
3 522 534 533 
3 534 522 523 
3 523 535 534 
3 535 523 524 
3 524 536 535 
3 536 524 525 
3 525 537 536 
3 537 525 526 
3 526 538 537 
3 538 526 527 
3 527 539 538 
3 539 527 294 
3 294 300 539 
3 280 279 528 
3 528 540 280 
3 540 528 529 
3 529 541 540 
3 541 529 530 
3 530 542 541 
3 542 530 531 
3 531 543 542 
3 543 531 532 
3 532 544 543 
3 544 532 533 
3 533 545 544 
3 545 533 534 
3 534 546 545 
3 546 534 535 
3 535 547 546 
3 547 535 536 
3 536 548 547 
3 548 536 537 
3 537 549 548 
3 549 537 538 
3 538 550 549 
3 550 538 539 
3 539 551 550 
3 551 539 300 
3 300 301 551 
3 287 280 540 
3 540 358 287 
3 358 540 541 
3 541 356 358 
3 356 541 542 
3 542 354 356 
3 354 542 543 
3 543 351 354 
3 351 543 544 
3 544 348 351 
3 348 544 545 
3 545 345 348 
3 345 545 546 
3 546 343 345 
3 343 546 547 
3 547 341 343 
3 341 547 548 
3 548 338 341 
3 338 548 549 
3 549 337 338 
3 337 549 550 
3 550 335 337 
3 335 550 551 
3 551 333 335 
3 333 551 301 
3 301 304 333 
3 375 552 482 
3 482 480 375 
3 553 554 370 
3 370 364 553 
3 363 320 319 
3 485 552 370 
3 370 554 485 
3 320 363 360 
3 360 314 320 
3 329 327 272 
3 272 555 329 
3 556 555 272 
3 272 271 556 
3 313 315 314 
3 480 380 378 
3 378 375 480 
3 553 364 363 
3 363 319 553 
3 557 321 323 
3 323 331 557 
3 318 321 557 
3 557 494 318 
3 485 482 552 
3 322 320 315 
3 315 316 322 
3 324 322 316 
3 316 317 324 
3 326 324 317 
3 317 306 326 
3 320 314 315 
3 419 421 423 
3 558 265 264 
3 264 559 558 
3 560 267 265 
3 265 558 560 
3 561 269 267 
3 267 560 561 
3 562 271 269 
3 269 561 562 
3 563 564 565 
3 565 566 563 
3 567 568 564 
3 564 563 567 
3 567 569 568 
3 567 570 571 
3 571 569 567 
3 563 572 570 
3 570 567 563 
3 566 573 572 
3 572 563 566 
3 574 572 573 
3 573 575 574 
3 576 570 572 
3 572 574 576 
3 577 571 570 
3 570 576 577 
3 578 574 575 
3 575 579 578 
3 578 580 574 
3 576 574 580 
3 580 581 576 
3 581 582 576 
3 577 576 582 
3 582 583 577 
3 584 585 586 
3 586 587 584 
3 588 589 585 
3 585 584 588 
3 588 559 589 
3 584 590 588 
3 587 591 590 
3 590 584 587 
3 592 590 591 
3 591 593 592 
3 594 595 592 
3 592 593 594 
3 588 596 597 
3 597 559 588 
3 590 598 596 
3 596 588 590 
3 592 599 598 
3 598 590 592 
3 597 558 559 
3 597 560 558 
3 600 601 595 
3 595 594 600 
3 602 603 601 
3 601 600 602 
3 604 605 603 
3 603 602 604 
3 606 599 605 
3 605 607 606 
3 605 599 592 
3 592 595 605 
3 608 598 599 
3 599 606 608 
3 608 596 598 
3 609 610 611 
3 611 612 609 
3 613 614 610 
3 610 609 613 
3 615 616 614 
3 614 613 615 
3 617 618 616 
3 616 615 617 
3 562 561 619 
3 597 619 561 
3 561 560 597 
3 596 618 619 
3 619 597 596 
3 617 562 619 
3 619 618 617 
3 615 620 621 
3 621 617 615 
3 620 615 613 
3 613 622 620 
3 623 624 600 
3 600 594 623 
3 625 626 624 
3 624 623 625 
3 627 628 626 
3 626 625 627 
3 629 630 631 
3 631 632 629 
3 633 634 630 
3 630 629 633 
3 635 636 634 
3 634 633 635 
3 635 637 636 
3 638 639 637 
3 637 635 638 
3 638 640 639 
3 641 642 640 
3 640 638 641 
3 641 643 642 
3 644 645 643 
3 643 641 644 
3 646 647 645 
3 645 644 646 
3 648 649 647 
3 647 646 648 
3 631 628 627 
3 627 632 631 
3 624 650 602 
3 602 600 624 
3 604 602 650 
3 650 651 604 
3 652 650 624 
3 624 626 652 
3 653 651 650 
3 650 652 653 
3 654 655 651 
3 651 653 654 
3 652 656 657 
3 657 653 652 
3 626 628 656 
3 656 652 626 
3 658 656 628 
3 628 631 658 
3 659 657 656 
3 656 658 659 
3 659 660 657 
3 660 654 653 
3 653 657 660 
3 660 661 654 
3 662 663 664 
3 664 665 662 
3 666 667 668 
3 669 670 668 
3 668 667 669 
3 631 630 667 
3 667 662 631 
3 667 630 634 
3 634 669 667 
3 670 671 672 
3 672 673 670 
3 669 674 671 
3 671 670 669 
3 634 636 674 
3 674 669 634 
3 675 674 636 
3 676 637 639 
3 639 677 676 
3 678 679 640 
3 640 642 678 
3 680 681 643 
3 682 683 672 
3 672 671 682 
3 682 684 683 
3 682 685 684 
3 685 686 684 
3 645 687 680 
3 680 643 645 
3 682 680 687 
3 687 688 682 
3 689 688 687 
3 690 691 689 
3 689 687 690 
3 690 692 691 
3 693 694 692 
3 692 690 693 
3 647 649 693 
3 693 690 647 
3 687 645 647 
3 647 690 687 
3 695 696 688 
3 696 697 686 
3 686 685 696 
3 689 691 698 
3 698 699 689 
3 700 701 686 
3 686 697 700 
3 700 702 701 
3 685 682 688 
3 688 696 685 
3 692 694 703 
3 703 704 692 
3 703 694 705 
3 705 700 703 
3 706 702 700 
3 700 705 706 
3 707 708 706 
3 706 705 707 
3 709 710 706 
3 706 708 709 
3 711 712 710 
3 710 709 711 
3 711 713 714 
3 708 715 713 
3 713 709 708 
3 707 716 715 
3 715 708 707 
3 717 718 711 
3 711 714 717 
3 719 720 718 
3 718 717 719 
3 721 722 720 
3 720 719 721 
3 723 724 722 
3 722 721 723 
3 435 434 724 
3 724 723 435 
3 721 436 435 
3 435 723 721 
3 725 437 436 
3 436 721 725 
3 726 439 437 
3 437 725 726 
3 727 443 442 
3 442 728 727 
3 729 730 727 
3 727 728 729 
3 715 716 730 
3 730 729 715 
3 714 713 715 
3 715 729 714 
3 725 719 717 
3 717 726 725 
3 725 721 719 
3 693 731 732 
3 732 694 693 
3 649 733 731 
3 731 693 649 
3 649 734 733 
3 728 442 439 
3 439 726 728 
3 726 717 729 
3 729 728 726 
3 734 577 583 
3 583 735 734 
3 577 734 649 
3 649 648 577 
3 736 735 583 
3 737 738 739 
3 739 740 737 
3 741 742 743 
3 743 744 741 
3 741 581 580 
3 580 742 741 
3 737 583 582 
3 582 738 737 
3 737 736 583 
3 745 746 747 
3 747 748 745 
3 578 579 747 
3 747 746 578 
3 434 465 724 
3 466 722 724 
3 724 465 466 
3 467 720 722 
3 722 466 467 
3 468 718 720 
3 720 467 468 
3 469 711 718 
3 718 468 469 
3 471 749 711 
3 711 469 471 
3 712 750 706 
3 706 710 712 
3 751 702 706 
3 706 750 751 
3 752 701 702 
3 702 751 752 
3 753 686 701 
3 701 752 753 
3 754 684 686 
3 686 753 754 
3 755 683 684 
3 684 754 755 
3 756 673 672 
3 672 757 756 
3 758 759 673 
3 673 756 758 
3 760 761 759 
3 759 758 760 
3 762 763 764 
3 764 765 762 
3 683 755 757 
3 757 672 683 
3 750 712 766 
3 766 767 751 
3 751 750 766 
3 751 767 752 
3 752 767 768 
3 768 753 752 
3 769 754 753 
3 753 768 769 
3 754 769 755 
3 711 749 766 
3 766 712 711 
3 770 756 757 
3 757 771 770 
3 771 757 755 
3 755 769 771 
3 770 772 758 
3 758 756 770 
3 761 760 765 
3 765 764 761 
3 773 760 758 
3 758 772 773 
3 760 773 765 
3 612 765 773 
3 773 774 612 
3 775 235 565 
3 565 564 775 
3 776 237 235 
3 235 775 776 
3 777 778 237 
3 237 776 777 
3 779 780 778 
3 778 777 779 
3 781 782 780 
3 780 779 781 
3 783 241 782 
3 782 781 783 
3 784 242 241 
3 241 783 784 
3 785 786 242 
3 242 784 785 
3 787 788 786 
3 786 785 787 
3 789 245 788 
3 788 787 789 
3 790 246 245 
3 245 789 790 
3 791 792 246 
3 246 790 791 
3 791 586 792 
3 793 775 564 
3 564 568 793 
3 794 776 775 
3 775 793 794 
3 795 777 776 
3 776 794 795 
3 796 779 777 
3 777 795 796 
3 797 781 779 
3 779 796 797 
3 798 783 781 
3 781 797 798 
3 799 784 783 
3 783 798 799 
3 800 785 784 
3 784 799 800 
3 801 787 785 
3 785 800 801 
3 802 789 787 
3 787 801 802 
3 803 790 789 
3 789 802 803 
3 804 791 790 
3 790 803 804 
3 587 586 791 
3 791 804 587 
3 805 793 568 
3 568 569 805 
3 806 794 793 
3 793 805 806 
3 807 795 794 
3 794 806 807 
3 808 796 795 
3 795 807 808 
3 809 797 796 
3 796 808 809 
3 810 798 797 
3 797 809 810 
3 811 799 798 
3 798 810 811 
3 812 800 799 
3 799 811 812 
3 813 801 800 
3 800 812 813 
3 814 802 801 
3 801 813 814 
3 815 803 802 
3 802 814 815 
3 816 804 803 
3 803 815 816 
3 591 587 804 
3 804 816 591 
3 817 805 569 
3 569 571 817 
3 818 806 805 
3 805 817 818 
3 819 807 806 
3 806 818 819 
3 820 808 807 
3 807 819 820 
3 821 809 808 
3 808 820 821 
3 822 810 809 
3 809 821 822 
3 823 811 810 
3 810 822 823 
3 824 812 811 
3 811 823 824 
3 825 813 812 
3 812 824 825 
3 826 814 813 
3 813 825 826 
3 827 815 814 
3 814 826 827 
3 828 816 815 
3 815 827 828 
3 593 591 816 
3 816 828 593 
3 648 817 571 
3 571 577 648 
3 646 818 817 
3 817 648 646 
3 644 819 818 
3 818 646 644 
3 641 820 819 
3 819 644 641 
3 638 821 820 
3 820 641 638 
3 635 822 821 
3 821 638 635 
3 633 823 822 
3 822 635 633 
3 629 824 823 
3 823 633 629 
3 632 825 824 
3 824 629 632 
3 627 826 825 
3 825 632 627 
3 625 827 826 
3 826 627 625 
3 623 828 827 
3 827 625 623 
3 594 593 828 
3 828 623 594 
3 759 761 829 
3 829 668 759 
3 654 661 763 
3 763 762 654 
3 611 610 655 
3 763 661 829 
3 829 764 763 
3 604 651 655 
3 655 610 604 
3 555 562 617 
3 617 621 555 
3 271 562 555 
3 555 556 271 
3 604 607 605 
3 668 670 673 
3 673 759 668 
3 611 655 654 
3 654 762 611 
3 622 613 609 
3 609 830 622 
3 774 830 609 
3 609 612 774 
3 829 761 764 
3 606 607 610 
3 610 614 606 
3 608 606 614 
3 614 616 608 
3 596 608 616 
3 616 618 596 
3 607 604 610 
3 713 711 709 
3 311 302 308 
3 308 313 311 
3 367 376 340 
3 340 339 367 
3 427 423 422 
3 319 485 554 
3 554 553 319 
3 605 595 601 
3 601 603 605 
3 631 662 665 
3 665 658 631 
3 714 729 717 
3 762 765 612 
3 612 611 762 
3 831 832 329 
3 329 833 834 
3 834 835 329 
3 836 837 838 
3 838 839 836 
3 839 840 836 
3 840 557 331 
3 494 557 840 
3 840 839 494 
3 493 494 839 
3 839 838 493 
3 841 842 843 
3 843 844 841 
3 844 843 487 
3 487 845 844 
3 845 846 844 
3 844 846 847 
3 847 848 844 
3 487 488 849 
3 849 845 487 
3 846 845 849 
3 849 850 846 
3 488 851 852 
3 852 849 488 
3 852 853 849 
3 854 855 853 
3 853 852 854 
3 854 852 851 
3 851 490 854 
3 856 857 490 
3 490 491 856 
3 858 491 492 
3 492 859 858 
3 860 858 859 
3 856 858 860 
3 860 861 856 
3 840 331 862 
3 862 836 840 
3 837 836 862 
3 862 835 837 
3 853 855 850 
3 850 849 853 
3 860 859 492 
3 492 493 860 
3 331 835 862 
3 621 832 831 
3 620 834 833 
3 833 621 620 
3 863 838 837 
3 837 864 863 
3 864 865 863 
3 622 866 865 
3 863 865 866 
3 866 774 863 
3 867 861 838 
3 838 863 867 
3 848 868 869 
3 869 870 848 
3 871 767 869 
3 869 868 871 
3 868 872 871 
3 848 847 872 
3 872 868 848 
3 871 873 768 
3 768 767 871 
3 847 850 873 
3 873 871 847 
3 873 874 769 
3 769 768 873 
3 873 875 874 
3 874 875 855 
3 855 854 874 
3 857 771 769 
3 769 874 857 
3 876 770 771 
3 771 857 876 
3 877 772 770 
3 770 876 877 
3 877 876 867 
3 861 867 876 
3 876 856 861 
3 864 878 622 
3 622 865 864 
3 834 620 878 
3 878 864 834 
3 873 850 855 
3 855 875 873 
3 773 772 877 
3 877 867 773 
3 878 620 622 
3 621 833 832 
3 832 833 329 
3 493 838 861 
3 861 860 493 
3 841 844 848 
3 846 850 847 
3 854 490 857 
3 856 491 858 
3 837 835 834 
3 867 863 774 
3 774 773 867 
3 848 870 841 
3 847 871 872 
3 857 874 854 
3 876 857 856 
3 834 864 837 
3 369 370 879 
3 879 880 369 
3 879 370 552 
3 552 881 879 
3 882 880 879 
3 882 883 371 
3 371 367 882 
3 371 883 884 
3 885 373 884 
3 884 883 885 
3 885 886 373 
3 376 886 885 
3 885 887 376 
3 887 377 376 
3 375 377 887 
3 887 888 375 
3 367 368 882 
3 369 880 882 
3 882 368 369 
3 881 552 375 
3 375 888 881 
3 344 889 890 
3 890 891 344 
3 347 892 893 
3 893 894 347 
3 895 896 897 
3 897 898 895 
3 896 899 900 
3 900 897 896 
3 901 889 344 
3 382 902 903 
3 903 904 382 
3 891 890 905 
3 892 385 905 
3 905 890 892 
3 347 385 892 
3 896 895 906 
3 907 908 902 
3 902 382 907 
3 909 898 897 
3 900 390 909 
3 909 897 900 
3 899 910 390 
3 390 900 899 
3 894 893 387 
3 896 906 387 
3 387 893 896 
3 398 397 911 
3 911 912 398 
3 911 913 914 
3 915 916 401 
3 401 399 915 
3 911 397 917 
3 399 408 915 
3 912 407 398 
3 407 912 915 
3 915 408 407 
3 404 913 911 
3 911 917 404 
3 406 914 913 
3 913 404 406 
3 914 406 918 
3 918 919 914 
3 920 921 919 
3 919 918 920 
3 916 921 920 
3 920 412 916 
3 916 412 401 
3 903 902 890 
3 890 889 903 
3 890 902 908 
3 908 892 890 
3 889 901 904 
3 904 903 889 
3 899 896 893 
3 893 907 899 
3 907 893 892 
3 892 908 907 
3 888 887 881 
3 881 887 885 
3 885 883 881 
3 919 916 915 
3 915 912 919 
3 921 916 919 
3 922 923 661 
3 661 660 922 
3 924 829 661 
3 661 923 924 
3 923 922 925 
3 658 926 927 
3 927 925 658 
3 928 927 926 
3 927 928 663 
3 663 929 927 
3 663 930 929 
3 931 929 930 
3 930 667 931 
3 667 666 931 
3 932 931 666 
3 666 933 932 
3 925 934 658 
3 934 925 922 
3 922 660 934 
3 932 933 829 
3 829 924 932 
3 637 935 936 
3 936 636 637 
3 937 938 939 
3 939 940 937 
3 643 941 942 
3 942 642 643 
3 941 943 944 
3 944 942 941 
3 636 936 675 
3 674 945 946 
3 946 671 674 
3 676 935 637 
3 935 676 677 
3 677 939 935 
3 939 677 940 
3 678 642 942 
3 944 682 671 
3 671 946 944 
3 941 643 681 
3 941 681 680 
3 680 943 941 
3 943 680 682 
3 682 944 943 
3 679 938 937 
3 938 679 678 
3 678 942 938 
3 947 948 949 
3 949 689 947 
3 950 951 948 
3 952 692 953 
3 953 954 952 
3 695 949 948 
3 954 698 952 
3 689 699 947 
3 698 954 947 
3 947 699 698 
3 695 948 951 
3 951 696 695 
3 696 951 950 
3 950 697 696 
3 955 956 697 
3 697 950 955 
3 956 955 957 
3 957 958 956 
3 704 958 957 
3 957 953 704 
3 692 704 953 
3 936 935 946 
3 946 945 936 
3 939 959 946 
3 946 935 939 
3 945 674 675 
3 675 936 945 
3 960 938 942 
3 942 944 960 
3 959 939 938 
3 938 960 959 
3 924 931 932 
3 923 925 927 
3 927 929 923 
3 950 948 947 
3 947 954 950 
3 955 953 957 
3 907 382 910 
3 910 899 907 
3 881 883 882 
3 882 879 881 
3 919 912 911 
3 911 914 919 
3 944 946 959 
3 959 960 944 
3 923 929 931 
3 931 924 923 
3 950 954 953 
3 953 955 950 
3 961 962 963 
3 963 964 961 
3 964 963 965 
3 965 966 964 
3 966 965 967 
3 967 968 966 
3 968 967 969 
3 969 970 968 
3 971 972 973 
3 973 970 971 
3 970 973 974 
3 974 968 970 
3 968 974 975 
3 975 966 968 
3 966 975 976 
3 976 964 966 
3 964 976 977 
3 977 961 964 
3 961 977 978 
3 978 979 961 
3 961 979 980 
3 980 962 961 
3 980 979 981 
3 981 447 980 
3 982 981 979 
3 979 978 982 
3 983 984 985 
3 985 986 983 
3 986 987 983 
3 983 987 988 
3 988 989 983 
3 988 990 989 
3 991 981 982 
3 982 992 991 
3 447 981 993 
3 993 994 447 
3 993 981 991 
3 991 995 993 
3 996 993 995 
3 995 997 996 
3 994 993 996 
3 996 998 994 
3 996 999 450 
3 450 998 996 
3 990 988 1000 
3 1000 1001 990 
3 1001 1000 1002 
3 1002 1003 1001 
3 987 986 1004 
3 1004 1005 987 
3 991 1006 1007 
3 1007 995 991 
3 992 1006 991 
3 992 989 990 
3 990 1006 992 
3 1005 1004 1008 
3 1008 1009 1005 
3 988 987 1010 
3 1010 1011 988 
3 987 1005 1012 
3 1012 1010 987 
3 1009 1012 1005 
3 1000 988 1011 
3 1011 1013 1000 
3 1001 1003 1014 
3 1015 990 1001 
3 1001 1014 1015 
3 1006 990 1015 
3 1015 1016 1006 
3 1007 1006 1016 
3 1016 1017 1007 
3 1018 1019 1020 
3 1020 986 1018 
3 1021 986 1020 
3 1004 1022 1008 
3 969 1023 971 
3 971 970 969 
3 1000 1013 1002 
3 1021 1022 1004 
3 1004 986 1021 
3 450 999 997 
3 997 1024 450 
3 997 995 1007 
3 1007 1024 997 
3 1025 1026 1027 
3 1027 1028 1025 
3 1029 1030 1026 
3 1026 1025 1029 
3 1031 1032 1030 
3 1030 1029 1031 
3 1033 1034 1032 
3 1032 1031 1033 
3 1033 1035 972 
3 972 971 1033 
3 1031 1036 1035 
3 1035 1033 1031 
3 1029 1037 1036 
3 1036 1031 1029 
3 1025 1038 1037 
3 1037 1029 1025 
3 1028 1039 1038 
3 1038 1025 1028 
3 1040 1041 1039 
3 1039 1028 1040 
3 1027 694 1040 
3 1040 1028 1027 
3 1042 1043 1040 
3 1040 694 1042 
3 1041 1040 1043 
3 1043 1044 1041 
3 1045 985 984 
3 984 1046 1045 
3 1046 1047 1045 
3 1048 1049 1047 
3 1047 1046 1048 
3 1048 1050 1049 
3 1051 1044 1043 
3 1043 1052 1051 
3 1053 1054 1043 
3 1043 1042 1053 
3 1055 1052 1043 
3 1043 1054 1055 
3 1056 1057 1055 
3 1055 1054 1056 
3 733 1058 1054 
3 1054 1053 733 
3 733 734 1056 
3 1056 1058 733 
3 1059 1060 1049 
3 1049 1050 1059 
3 1061 1062 1060 
3 1060 1059 1061 
3 1063 1064 1045 
3 1045 1047 1063 
3 1055 1065 1066 
3 1066 1052 1055 
3 1052 1066 1051 
3 1066 1050 1048 
3 1048 1051 1066 
3 1067 1068 1064 
3 1064 1063 1067 
3 1069 1070 1047 
3 1047 1049 1069 
3 1070 1071 1063 
3 1063 1047 1070 
3 1063 1071 1067 
3 1072 1069 1049 
3 1049 1060 1072 
3 1073 1061 1059 
3 1073 1059 1050 
3 1050 1074 1073 
3 1075 1074 1050 
3 1050 1066 1075 
3 1076 1075 1066 
3 1066 1065 1076 
3 985 1045 1077 
3 1077 262 985 
3 1077 1045 1078 
3 1068 1079 1064 
3 1033 971 1023 
3 1023 1034 1033 
3 1062 1072 1060 
3 1045 1064 1079 
3 1079 1078 1045 
3 1080 1057 1056 
3 1056 734 1080 
3 1080 1065 1055 
3 1055 1057 1080 
3 996 997 999 
3 1018 986 985 
3 1056 1054 1058 
3 985 262 1018 
3 982 1081 1082 
3 1082 976 982 
3 982 976 975 
3 975 1083 982 
3 1083 975 1084 
3 1084 1085 1083 
3 1085 1084 1086 
3 1086 983 1085 
3 983 1086 1087 
3 1087 1088 983 
3 1089 1090 1041 
3 1041 1044 1089 
3 1091 1092 1089 
3 1089 1044 1091 
3 1048 1093 1092 
3 1092 1091 1048 
3 1046 1094 1093 
3 1093 1048 1046 
3 1088 1087 1094 
3 1094 1046 1088 
3 1095 1096 1097 
3 1097 1098 1095 
3 1096 1099 1100 
3 1100 1097 1096 
3 1099 1101 1102 
3 1102 1100 1099 
3 1101 1103 1104 
3 1104 1102 1101 
3 1103 1105 1106 
3 1106 1104 1103 
3 1105 1107 1108 
3 1108 1106 1105 
3 1107 1109 1110 
3 1110 1108 1107 
3 1111 1112 1113 
3 1113 1114 1111 
3 1112 1115 1116 
3 1116 1113 1112 
3 1115 1117 1118 
3 1118 1116 1115 
3 1117 1119 1120 
3 1120 1118 1117 
3 1119 1121 1122 
3 1122 1120 1119 
3 1121 1123 1124 
3 1124 1122 1121 
3 1123 1125 1126 
3 1126 1124 1123 
3 1127 1128 1129 
3 1129 1112 1127 
3 1129 1130 1115 
3 1115 1112 1129 
3 1130 1131 1117 
3 1117 1115 1130 
3 1131 1132 1119 
3 1119 1117 1131 
3 1132 1133 1121 
3 1121 1119 1132 
3 1133 1134 1123 
3 1123 1121 1133 
3 1134 1135 1125 
3 1125 1123 1134 
3 1136 1137 1129 
3 1129 1128 1136 
3 1137 1138 1130 
3 1130 1129 1137 
3 1138 1139 1131 
3 1131 1130 1138 
3 1139 1140 1132 
3 1132 1131 1139 
3 1140 1141 1133 
3 1133 1132 1140 
3 1141 1142 1134 
3 1134 1133 1141 
3 1142 1143 1135 
3 1135 1134 1142 
3 1098 1097 1137 
3 1137 1136 1098 
3 1097 1100 1138 
3 1138 1137 1097 
3 1100 1102 1139 
3 1139 1138 1100 
3 1102 1104 1140 
3 1140 1139 1102 
3 1104 1106 1141 
3 1141 1140 1104 
3 1106 1108 1142 
3 1142 1141 1106 
3 1108 1110 1143 
3 1143 1142 1108 
3 1114 1113 1144 
3 1144 1145 1114 
3 1113 1116 1146 
3 1146 1144 1113 
3 1116 1118 1147 
3 1147 1146 1116 
3 1118 1120 1148 
3 1148 1147 1118 
3 1120 1122 1149 
3 1149 1148 1120 
3 1122 1124 1150 
3 1150 1149 1122 
3 1124 1126 1151 
3 1151 1150 1124 
3 1152 1145 1144 
3 1144 1153 1152 
3 1144 1146 1154 
3 1154 1153 1144 
3 1146 1147 1155 
3 1155 1154 1146 
3 1147 1148 1156 
3 1156 1155 1147 
3 1148 1149 1157 
3 1157 1156 1148 
3 1149 1150 1158 
3 1158 1157 1149 
3 1150 1151 1159 
3 1159 1158 1150 
3 1160 1161 1153 
3 1153 1096 1160 
3 1153 1154 1099 
3 1099 1096 1153 
3 1154 1155 1101 
3 1101 1099 1154 
3 1155 1156 1103 
3 1103 1101 1155 
3 1156 1157 1105 
3 1105 1103 1156 
3 1157 1158 1107 
3 1107 1105 1157 
3 1158 1159 1109 
3 1109 1107 1158 
3 1127 1112 1111 
3 1136 1128 1162 
3 1098 1136 1163 
3 1114 1145 1164 
3 1152 1153 1161 
3 1160 1096 1095 
3 1165 1166 1167 
3 1167 1168 1165 
3 1169 1095 1098 
3 1098 1170 1169 
3 1109 1171 1172 
3 1172 1110 1109 
3 1173 1174 1175 
3 1175 1176 1173 
3 1177 1111 1114 
3 1114 1178 1177 
3 1125 1179 1180 
3 1180 1126 1125 
3 1181 1182 1174 
3 1174 1173 1181 
3 1177 1174 1182 
3 1183 1127 1111 
3 1111 1177 1183 
3 1135 1184 1179 
3 1179 1125 1135 
3 1185 1186 1182 
3 1182 1181 1185 
3 1187 1163 1188 
3 1188 1127 1187 
3 1143 1189 1184 
3 1184 1135 1143 
3 1168 1167 1186 
3 1186 1185 1168 
3 1187 1186 1167 
3 1170 1098 1163 
3 1163 1187 1170 
3 1110 1172 1189 
3 1189 1143 1110 
3 1190 1191 1180 
3 1180 1179 1190 
3 1176 1175 1192 
3 1192 1193 1176 
3 1194 1192 1175 
3 1178 1114 1164 
3 1164 1194 1178 
3 1126 1180 1191 
3 1191 1151 1126 
3 1193 1192 1195 
3 1195 1196 1193 
3 1194 1164 1197 
3 1197 1160 1194 
3 1151 1191 1190 
3 1190 1159 1151 
3 1196 1195 1166 
3 1166 1165 1196 
3 1169 1166 1195 
3 1198 1160 1095 
3 1095 1169 1198 
3 1159 1190 1171 
3 1171 1109 1159 
3 1187 1127 1183 
3 1190 1179 1184 
3 1184 1189 1190 
3 1194 1160 1198 
3 1190 1189 1172 
3 1172 1171 1190 
3 1199 1200 1201 
3 1201 1202 1199 
3 1200 1165 1168 
3 1168 1201 1200 
3 1166 1169 1170 
3 1170 1167 1166 
3 1203 1204 1205 
3 1205 1206 1203 
3 1204 1173 1176 
3 1176 1205 1204 
3 1174 1177 1178 
3 1178 1175 1174 
3 1207 1208 1204 
3 1204 1203 1207 
3 1208 1181 1173 
3 1173 1204 1208 
3 1182 1183 1177 
3 1209 1210 1208 
3 1208 1207 1209 
3 1210 1185 1181 
3 1181 1208 1210 
3 1186 1187 1183 
3 1183 1182 1186 
3 1202 1201 1210 
3 1210 1209 1202 
3 1201 1168 1185 
3 1185 1210 1201 
3 1167 1170 1187 
3 1207 1203 1206 
3 1206 1211 1207 
3 1206 1205 1212 
3 1212 1211 1206 
3 1205 1176 1193 
3 1193 1212 1205 
3 1175 1178 1194 
3 1211 1212 1213 
3 1213 1214 1211 
3 1212 1193 1196 
3 1196 1213 1212 
3 1192 1194 1198 
3 1198 1195 1192 
3 1214 1213 1200 
3 1200 1199 1214 
3 1213 1196 1165 
3 1165 1200 1213 
3 1195 1198 1169 
3 1207 1211 1214 
3 1214 1199 1207 
3 1207 1199 1202 
3 1202 1209 1207 
3 1215 1216 1217 
3 1217 1218 1215 
3 1219 1220 1221 
3 1221 1222 1219 
3 1220 1219 1188 
3 1188 1163 1220 
3 1219 1222 1162 
3 1162 1188 1219 
3 1222 1221 1136 
3 1136 1162 1222 
3 1221 1220 1163 
3 1163 1136 1221 
3 1216 1215 1128 
3 1128 1127 1216 
3 1215 1218 1162 
3 1162 1128 1215 
3 1218 1217 1188 
3 1188 1162 1218 
3 1217 1216 1127 
3 1127 1188 1217 
3 1223 1224 1225 
3 1225 1226 1223 
3 1227 1228 1229 
3 1229 1230 1227 
3 1160 1197 1230 
3 1230 1229 1160 
3 1197 1152 1227 
3 1227 1230 1197 
3 1152 1161 1228 
3 1228 1227 1152 
3 1161 1160 1229 
3 1229 1228 1161 
3 1164 1145 1226 
3 1226 1225 1164 
3 1145 1152 1223 
3 1223 1226 1145 
3 1152 1197 1224 
3 1224 1223 1152 
3 1197 1164 1225 
3 1225 1224 1197 
3 1231 1232 1233 
3 1233 1234 1231 
3 1232 1235 1236 
3 1236 1233 1232 
3 1235 1237 1238 
3 1238 1236 1235 
3 1237 1239 1240 
3 1240 1238 1237 
3 1239 1241 1242 
3 1242 1240 1239 
3 1241 1243 1244 
3 1244 1242 1241 
3 1243 1245 1246 
3 1246 1244 1243 
3 1247 1248 1249 
3 1249 1250 1247 
3 1248 1251 1252 
3 1252 1249 1248 
3 1251 1253 1254 
3 1254 1252 1251 
3 1253 1255 1256 
3 1256 1254 1253 
3 1255 1257 1258 
3 1258 1256 1255 
3 1257 1259 1260 
3 1260 1258 1257 
3 1259 1261 1262 
3 1262 1260 1259 
3 1263 1264 1265 
3 1265 1248 1263 
3 1265 1266 1251 
3 1251 1248 1265 
3 1266 1267 1253 
3 1253 1251 1266 
3 1267 1268 1255 
3 1255 1253 1267 
3 1268 1269 1257 
3 1257 1255 1268 
3 1269 1270 1259 
3 1259 1257 1269 
3 1270 1271 1261 
3 1261 1259 1270 
3 1272 1273 1265 
3 1265 1264 1272 
3 1273 1274 1266 
3 1266 1265 1273 
3 1274 1275 1267 
3 1267 1266 1274 
3 1275 1276 1268 
3 1268 1267 1275 
3 1276 1277 1269 
3 1269 1268 1276 
3 1277 1278 1270 
3 1270 1269 1277 
3 1278 1279 1271 
3 1271 1270 1278 
3 1234 1233 1273 
3 1273 1272 1234 
3 1233 1236 1274 
3 1274 1273 1233 
3 1236 1238 1275 
3 1275 1274 1236 
3 1238 1240 1276 
3 1276 1275 1238 
3 1240 1242 1277 
3 1277 1276 1240 
3 1242 1244 1278 
3 1278 1277 1242 
3 1244 1246 1279 
3 1279 1278 1244 
3 1250 1249 1280 
3 1280 1281 1250 
3 1249 1252 1282 
3 1282 1280 1249 
3 1252 1254 1283 
3 1283 1282 1252 
3 1254 1256 1284 
3 1284 1283 1254 
3 1256 1258 1285 
3 1285 1284 1256 
3 1258 1260 1286 
3 1286 1285 1258 
3 1260 1262 1287 
3 1287 1286 1260 
3 1288 1281 1280 
3 1280 1289 1288 
3 1280 1282 1290 
3 1290 1289 1280 
3 1282 1283 1291 
3 1291 1290 1282 
3 1283 1284 1292 
3 1292 1291 1283 
3 1284 1285 1293 
3 1293 1292 1284 
3 1285 1286 1294 
3 1294 1293 1285 
3 1286 1287 1295 
3 1295 1294 1286 
3 1296 1297 1289 
3 1289 1232 1296 
3 1289 1290 1235 
3 1235 1232 1289 
3 1290 1291 1237 
3 1237 1235 1290 
3 1291 1292 1239 
3 1239 1237 1291 
3 1292 1293 1241 
3 1241 1239 1292 
3 1293 1294 1243 
3 1243 1241 1293 
3 1294 1295 1245 
3 1245 1243 1294 
3 1263 1248 1247 
3 1272 1264 1298 
3 1234 1272 1299 
3 1250 1281 1300 
3 1288 1289 1297 
3 1296 1232 1231 
3 1301 1302 1303 
3 1303 1304 1301 
3 1305 1303 1302 
3 1306 1231 1234 
3 1234 1305 1306 
3 1245 1307 1308 
3 1308 1246 1245 
3 1309 1310 1311 
3 1311 1312 1309 
3 1313 1311 1310 
3 1314 1247 1250 
3 1250 1313 1314 
3 1261 1315 1316 
3 1316 1262 1261 
3 1317 1318 1310 
3 1310 1309 1317 
3 1319 1263 1247 
3 1247 1314 1319 
3 1271 1320 1315 
3 1315 1261 1271 
3 1321 1322 1318 
3 1318 1317 1321 
3 1319 1318 1322 
3 1323 1299 1324 
3 1324 1263 1323 
3 1279 1325 1320 
3 1320 1271 1279 
3 1304 1303 1322 
3 1322 1321 1304 
3 1305 1234 1299 
3 1299 1323 1305 
3 1246 1308 1325 
3 1325 1279 1246 
3 1326 1327 1316 
3 1316 1315 1326 
3 1312 1311 1328 
3 1328 1329 1312 
3 1313 1250 1300 
3 1300 1330 1313 
3 1262 1316 1327 
3 1327 1287 1262 
3 1329 1328 1331 
3 1331 1332 1329 
3 1333 1331 1328 
3 1330 1300 1334 
3 1334 1296 1330 
3 1287 1327 1326 
3 1326 1295 1287 
3 1332 1331 1302 
3 1302 1301 1332 
3 1333 1296 1231 
3 1231 1306 1333 
3 1295 1326 1307 
3 1307 1245 1295 
3 1323 1263 1319 
3 1326 1315 1320 
3 1320 1325 1326 
3 1330 1296 1333 
3 1326 1325 1308 
3 1308 1307 1326 
3 1335 1336 1337 
3 1337 1338 1335 
3 1336 1301 1304 
3 1304 1337 1336 
3 1302 1306 1305 
3 1339 1340 1341 
3 1341 1342 1339 
3 1340 1309 1312 
3 1312 1341 1340 
3 1310 1314 1313 
3 1343 1344 1340 
3 1340 1339 1343 
3 1344 1317 1309 
3 1309 1340 1344 
3 1318 1319 1314 
3 1314 1310 1318 
3 1345 1346 1344 
3 1344 1343 1345 
3 1346 1321 1317 
3 1317 1344 1346 
3 1322 1323 1319 
3 1338 1337 1346 
3 1346 1345 1338 
3 1337 1304 1321 
3 1321 1346 1337 
3 1303 1305 1323 
3 1323 1322 1303 
3 1343 1339 1342 
3 1342 1347 1343 
3 1342 1341 1348 
3 1348 1347 1342 
3 1341 1312 1329 
3 1329 1348 1341 
3 1311 1313 1330 
3 1330 1328 1311 
3 1347 1348 1349 
3 1349 1350 1347 
3 1348 1329 1332 
3 1332 1349 1348 
3 1328 1330 1333 
3 1350 1349 1336 
3 1336 1335 1350 
3 1349 1332 1301 
3 1301 1336 1349 
3 1331 1333 1306 
3 1306 1302 1331 
3 1343 1347 1350 
3 1350 1335 1343 
3 1343 1335 1338 
3 1338 1345 1343 
3 1351 1352 1353 
3 1353 1354 1351 
3 1355 1356 1357 
3 1357 1358 1355 
3 1356 1355 1324 
3 1324 1299 1356 
3 1355 1358 1298 
3 1298 1324 1355 
3 1358 1357 1272 
3 1272 1298 1358 
3 1357 1356 1299 
3 1299 1272 1357 
3 1352 1351 1264 
3 1264 1263 1352 
3 1351 1354 1298 
3 1298 1264 1351 
3 1354 1353 1324 
3 1324 1298 1354 
3 1353 1352 1263 
3 1263 1324 1353 
3 1359 1360 1361 
3 1361 1362 1359 
3 1363 1364 1365 
3 1365 1366 1363 
3 1296 1334 1366 
3 1366 1365 1296 
3 1334 1288 1363 
3 1363 1366 1334 
3 1288 1297 1364 
3 1364 1363 1288 
3 1297 1296 1365 
3 1365 1364 1297 
3 1300 1281 1362 
3 1362 1361 1300 
3 1281 1288 1359 
3 1359 1362 1281 
3 1288 1334 1360 
3 1360 1359 1288 
3 1334 1300 1361 
3 1361 1360 1334 
3 1367 1368 1369 
3 1369 1370 1367 
3 1368 1371 1372 
3 1372 1369 1368 
3 1371 1373 1374 
3 1374 1372 1371 
3 1375 1376 1377 
3 1377 1378 1375 
3 1376 1379 1380 
3 1380 1377 1376 
3 1379 1381 1382 
3 1382 1380 1379 
3 1381 1383 1384 
3 1384 1382 1381 
3 1383 1385 1386 
3 1386 1384 1383 
3 1385 1387 1386 
3 1388 1389 1368 
3 1368 1367 1388 
3 1389 1390 1371 
3 1371 1368 1389 
3 1390 1391 1373 
3 1373 1371 1390 
3 1392 1393 1376 
3 1376 1375 1392 
3 1393 1394 1379 
3 1379 1376 1393 
3 1394 1395 1381 
3 1381 1379 1394 
3 1395 1396 1383 
3 1383 1381 1395 
3 1396 1397 1385 
3 1385 1383 1396 
3 1397 1387 1385 
3 1398 1399 1389 
3 1389 1388 1398 
3 1399 1400 1390 
3 1390 1389 1399 
3 1400 1401 1391 
3 1391 1390 1400 
3 1402 1403 1393 
3 1393 1392 1402 
3 1403 1404 1394 
3 1394 1393 1403 
3 1404 1405 1395 
3 1395 1394 1404 
3 1405 1406 1396 
3 1396 1395 1405 
3 1406 1407 1397 
3 1397 1396 1406 
3 1407 1387 1397 
3 1408 1409 1399 
3 1399 1398 1408 
3 1409 1410 1400 
3 1400 1399 1409 
3 1410 1411 1401 
3 1401 1400 1410 
3 1412 1413 1403 
3 1403 1402 1412 
3 1413 1414 1404 
3 1404 1403 1413 
3 1414 1415 1405 
3 1405 1404 1414 
3 1415 1416 1406 
3 1406 1405 1415 
3 1416 1417 1407 
3 1407 1406 1416 
3 1417 1387 1407 
3 1418 1419 1409 
3 1409 1408 1418 
3 1419 1420 1410 
3 1410 1409 1419 
3 1420 1421 1411 
3 1411 1410 1420 
3 1422 1423 1413 
3 1413 1412 1422 
3 1423 1424 1414 
3 1414 1413 1423 
3 1424 1425 1415 
3 1415 1414 1424 
3 1425 1426 1416 
3 1416 1415 1425 
3 1426 1427 1417 
3 1417 1416 1426 
3 1427 1387 1417 
3 1428 1429 1419 
3 1419 1418 1428 
3 1429 1430 1420 
3 1420 1419 1429 
3 1430 1431 1421 
3 1421 1420 1430 
3 1432 1433 1423 
3 1423 1422 1432 
3 1433 1434 1424 
3 1424 1423 1433 
3 1434 1435 1425 
3 1425 1424 1434 
3 1435 1436 1426 
3 1426 1425 1435 
3 1436 1437 1427 
3 1427 1426 1436 
3 1437 1387 1427 
3 1438 1439 1429 
3 1429 1428 1438 
3 1439 1440 1430 
3 1430 1429 1439 
3 1440 1441 1431 
3 1431 1430 1440 
3 1442 1443 1433 
3 1433 1432 1442 
3 1443 1444 1434 
3 1434 1433 1443 
3 1444 1445 1435 
3 1435 1434 1444 
3 1445 1446 1436 
3 1436 1435 1445 
3 1446 1447 1437 
3 1437 1436 1446 
3 1447 1387 1437 
3 1370 1369 1439 
3 1439 1438 1370 
3 1369 1372 1440 
3 1440 1439 1369 
3 1372 1374 1441 
3 1441 1440 1372 
3 1378 1377 1443 
3 1443 1442 1378 
3 1377 1380 1444 
3 1444 1443 1377 
3 1380 1382 1445 
3 1445 1444 1380 
3 1382 1384 1446 
3 1446 1445 1382 
3 1384 1386 1447 
3 1447 1446 1384 
3 1386 1387 1447 
3 1428 1418 1408 
3 1408 1398 1428 
3 1428 1398 1388 
3 1388 1367 1428 
3 1428 1367 1370 
3 1370 1438 1428 
3 1373 1375 1378 
3 1378 1374 1373 
3 1391 1392 1375 
3 1375 1373 1391 
3 1401 1402 1392 
3 1392 1391 1401 
3 1411 1412 1402 
3 1402 1401 1411 
3 1421 1422 1412 
3 1412 1411 1421 
3 1431 1432 1422 
3 1422 1421 1431 
3 1441 1442 1432 
3 1432 1431 1441 
3 1374 1378 1442 
3 1442 1441 1374 
3 1448 1449 1450 
3 1450 1451 1448 
3 1452 1453 1449 
3 1449 1448 1452 
3 1454 1455 1453 
3 1453 1452 1454 
3 1456 1457 1455 
3 1455 1454 1456 
3 1458 1459 1457 
3 1457 1456 1458 
3 1460 1461 1459 
3 1459 1458 1460 
3 1462 1463 1461 
3 1461 1460 1462 
3 1451 1450 1463 
3 1463 1462 1451 
3 1449 1453 1455 
3 1455 1457 1449 
3 1462 1460 1458 
3 1458 1456 1462 
3 1449 1457 1459 
3 1459 1461 1449 
3 1462 1456 1454 
3 1454 1452 1462 
3 1449 1461 1463 
3 1463 1450 1449 
3 1462 1452 1448 
3 1448 1451 1462 
3 1464 1465 1466 
3 1466 1467 1464 
3 1468 1469 1470 
3 1470 1471 1468 
3 1472 1473 1465 
3 1465 1464 1472 
3 1474 1472 1464 
3 1464 1475 1474 
3 1476 1477 1473 
3 1473 1472 1476 
3 1478 1476 1472 
3 1472 1474 1478 
3 1479 1480 1477 
3 1477 1476 1479 
3 1481 1479 1476 
3 1476 1478 1481 
3 1482 1483 1480 
3 1480 1479 1482 
3 1484 1482 1479 
3 1479 1481 1484 
3 1485 1486 1483 
3 1483 1482 1485 
3 1487 1485 1482 
3 1482 1484 1487 
3 1488 1489 1486 
3 1486 1485 1488 
3 1490 1491 1492 
3 1492 1493 1490 
3 1467 1466 1489 
3 1489 1488 1467 
3 1465 1473 1477 
3 1477 1480 1465 
3 1494 1495 1496 
3 1496 1497 1494 
3 1498 1494 1497 
3 1497 1475 1498 
3 1497 1496 1499 
3 1499 1500 1497 
3 1475 1497 1500 
3 1500 1474 1475 
3 1500 1499 1501 
3 1501 1502 1500 
3 1474 1500 1502 
3 1502 1478 1474 
3 1502 1501 1503 
3 1503 1504 1502 
3 1478 1502 1504 
3 1504 1481 1478 
3 1504 1503 1505 
3 1505 1506 1504 
3 1481 1504 1506 
3 1506 1484 1481 
3 1506 1505 1507 
3 1507 1508 1506 
3 1484 1506 1508 
3 1508 1487 1484 
3 1508 1507 1509 
3 1509 1510 1508 
3 1487 1508 1510 
3 1510 1511 1487 
3 1510 1509 1495 
3 1495 1494 1510 
3 1495 1509 1507 
3 1507 1505 1495 
3 1468 1471 1512 
3 1512 1475 1468 
3 1490 1493 1513 
3 1513 1514 1490 
3 1465 1480 1483 
3 1483 1486 1465 
3 1498 1475 1512 
3 1512 1515 1498 
3 1487 1511 1516 
3 1516 1517 1487 
3 1495 1505 1503 
3 1503 1501 1495 
3 1468 1475 1464 
3 1464 1467 1468 
3 1490 1514 1488 
3 1488 1485 1490 
3 1465 1486 1489 
3 1489 1466 1465 
3 1498 1515 1518 
3 1518 1519 1498 
3 1487 1517 1520 
3 1520 1521 1487 
3 1495 1501 1499 
3 1499 1496 1495 
3 1468 1467 1522 
3 1490 1485 1487 
3 1498 1519 1523 
3 1487 1521 1490 
3 1524 1522 1467 
3 1524 1525 1468 
3 1468 1522 1524 
3 1525 1526 1469 
3 1469 1468 1525 
3 1526 1527 1470 
3 1470 1469 1526 
3 1527 1528 1471 
3 1471 1470 1527 
3 1528 1529 1512 
3 1512 1471 1528 
3 1530 1531 1525 
3 1531 1532 1527 
3 1527 1526 1531 
3 1532 1533 1528 
3 1528 1527 1532 
3 1533 1534 1529 
3 1529 1528 1533 
3 1535 1536 1533 
3 1533 1532 1535 
3 1536 1537 1534 
3 1534 1533 1536 
3 1538 1524 1467 
3 1525 1524 1530 
3 1526 1525 1531 
3 1539 1540 1524 
3 1524 1538 1539 
3 1540 1530 1524 
3 1541 1542 1540 
3 1540 1539 1541 
3 1542 1543 1530 
3 1530 1540 1542 
3 1543 1544 1530 
3 1544 1535 1532 
3 1532 1531 1544 
3 1545 1546 1542 
3 1542 1541 1545 
3 1546 1547 1543 
3 1543 1542 1546 
3 1547 1548 1544 
3 1544 1543 1547 
3 1548 1549 1535 
3 1535 1544 1548 
3 1549 1550 1536 
3 1536 1535 1549 
3 1550 1551 1537 
3 1537 1536 1550 
3 1552 1553 1546 
3 1546 1545 1552 
3 1553 1554 1547 
3 1547 1546 1553 
3 1554 1555 1548 
3 1548 1547 1554 
3 1555 1556 1549 
3 1549 1548 1555 
3 1556 1557 1550 
3 1550 1549 1556 
3 1557 1558 1551 
3 1551 1550 1557 
3 1559 1560 1553 
3 1553 1552 1559 
3 1560 1561 1554 
3 1554 1553 1560 
3 1561 1562 1555 
3 1555 1554 1561 
3 1562 1563 1556 
3 1556 1555 1562 
3 1563 1564 1557 
3 1557 1556 1563 
3 1564 1565 1558 
3 1558 1557 1564 
3 1531 1530 1544 
3 1566 1567 1568 
3 1569 1570 1571 
3 1571 1567 1569 
3 1570 1572 1573 
3 1573 1571 1570 
3 1572 1574 1575 
3 1575 1573 1572 
3 1571 1573 1576 
3 1576 1577 1571 
3 1573 1575 1578 
3 1578 1576 1573 
3 1568 1579 1566 
3 1567 1566 1569 
3 1538 1579 1580 
3 1580 1539 1538 
3 1579 1568 1580 
3 1539 1580 1581 
3 1581 1541 1539 
3 1580 1568 1582 
3 1582 1581 1580 
3 1568 1583 1582 
3 1567 1571 1577 
3 1577 1583 1567 
3 1541 1581 1584 
3 1584 1545 1541 
3 1581 1582 1585 
3 1585 1584 1581 
3 1582 1583 1586 
3 1586 1585 1582 
3 1583 1577 1587 
3 1587 1586 1583 
3 1577 1576 1588 
3 1588 1587 1577 
3 1576 1578 1589 
3 1589 1588 1576 
3 1545 1584 1590 
3 1590 1552 1545 
3 1584 1585 1591 
3 1591 1590 1584 
3 1585 1586 1592 
3 1592 1591 1585 
3 1586 1587 1593 
3 1593 1592 1586 
3 1587 1588 1594 
3 1594 1593 1587 
3 1588 1589 1595 
3 1595 1594 1588 
3 1552 1590 1560 
3 1560 1559 1552 
3 1590 1591 1561 
3 1561 1560 1590 
3 1591 1592 1562 
3 1562 1561 1591 
3 1592 1593 1563 
3 1563 1562 1592 
3 1593 1594 1564 
3 1564 1563 1593 
3 1594 1595 1565 
3 1565 1564 1594 
3 1583 1568 1567 
3 1574 1572 1491 
3 1491 1490 1574 
3 1538 1467 1488 
3 1579 1538 1488 
3 1488 1514 1579 
3 1566 1579 1514 
3 1514 1513 1566 
3 1569 1566 1513 
3 1513 1493 1569 
3 1570 1569 1493 
3 1493 1492 1570 
3 1572 1570 1492 
3 1492 1491 1572 
3 1494 1498 1596 
3 1498 1523 1597 
3 1597 1596 1498 
3 1523 1519 1598 
3 1598 1597 1523 
3 1519 1518 1599 
3 1599 1598 1519 
3 1518 1515 1600 
3 1600 1599 1518 
3 1515 1512 1529 
3 1529 1600 1515 
3 1597 1601 1602 
3 1598 1599 1603 
3 1603 1601 1598 
3 1599 1600 1604 
3 1604 1603 1599 
3 1600 1529 1534 
3 1534 1604 1600 
3 1603 1604 1605 
3 1605 1606 1603 
3 1604 1534 1537 
3 1537 1605 1604 
3 1494 1596 1607 
3 1602 1596 1597 
3 1601 1597 1598 
3 1607 1596 1608 
3 1608 1609 1607 
3 1596 1602 1608 
3 1609 1608 1610 
3 1610 1611 1609 
3 1608 1602 1612 
3 1612 1610 1608 
3 1602 1613 1612 
3 1601 1603 1606 
3 1606 1613 1601 
3 1611 1610 1614 
3 1614 1615 1611 
3 1610 1612 1616 
3 1616 1614 1610 
3 1612 1613 1617 
3 1617 1616 1612 
3 1613 1606 1618 
3 1618 1617 1613 
3 1606 1605 1619 
3 1619 1618 1606 
3 1605 1537 1551 
3 1551 1619 1605 
3 1615 1614 1620 
3 1620 1621 1615 
3 1614 1616 1622 
3 1622 1620 1614 
3 1616 1617 1623 
3 1623 1622 1616 
3 1617 1618 1624 
3 1624 1623 1617 
3 1618 1619 1625 
3 1625 1624 1618 
3 1619 1551 1558 
3 1558 1625 1619 
3 1621 1620 1626 
3 1626 1627 1621 
3 1620 1622 1628 
3 1628 1626 1620 
3 1622 1623 1629 
3 1629 1628 1622 
3 1623 1624 1630 
3 1630 1629 1623 
3 1624 1625 1631 
3 1631 1630 1624 
3 1625 1558 1565 
3 1565 1631 1625 
3 1613 1602 1601 
3 1632 1633 1634 
3 1633 1635 1636 
3 1636 1637 1633 
3 1635 1638 1639 
3 1639 1636 1635 
3 1638 1575 1574 
3 1574 1639 1638 
3 1640 1641 1638 
3 1638 1635 1640 
3 1641 1578 1575 
3 1575 1638 1641 
3 1634 1642 1632 
3 1637 1634 1633 
3 1609 1643 1642 
3 1642 1607 1609 
3 1643 1632 1642 
3 1611 1644 1643 
3 1643 1609 1611 
3 1644 1645 1632 
3 1632 1643 1644 
3 1645 1646 1632 
3 1646 1640 1635 
3 1635 1633 1646 
3 1615 1647 1644 
3 1644 1611 1615 
3 1647 1648 1645 
3 1645 1644 1647 
3 1648 1649 1646 
3 1646 1645 1648 
3 1649 1650 1640 
3 1640 1646 1649 
3 1650 1651 1641 
3 1641 1640 1650 
3 1651 1589 1578 
3 1578 1641 1651 
3 1621 1652 1647 
3 1647 1615 1621 
3 1652 1653 1648 
3 1648 1647 1652 
3 1653 1654 1649 
3 1649 1648 1653 
3 1654 1655 1650 
3 1650 1649 1654 
3 1655 1656 1651 
3 1651 1650 1655 
3 1656 1595 1589 
3 1589 1651 1656 
3 1627 1626 1652 
3 1652 1621 1627 
3 1626 1628 1653 
3 1653 1652 1626 
3 1628 1629 1654 
3 1654 1653 1628 
3 1629 1630 1655 
3 1655 1654 1629 
3 1630 1631 1656 
3 1656 1655 1630 
3 1631 1565 1595 
3 1595 1656 1631 
3 1633 1632 1646 
3 1490 1521 1639 
3 1639 1574 1490 
3 1510 1494 1607 
3 1511 1510 1607 
3 1607 1642 1511 
3 1516 1511 1642 
3 1642 1634 1516 
3 1517 1516 1634 
3 1634 1637 1517 
3 1520 1517 1637 
3 1637 1636 1520 
3 1521 1520 1636 
3 1636 1639 1521 
3 1657 1658 1659 
3 1659 1660 1657 
3 1661 1662 1663 
3 1663 1664 1661 
3 1665 1666 1667 
3 1667 1662 1665 
3 1668 1665 1662 
3 1662 1661 1668 
3 1669 1670 1666 
3 1666 1665 1669 
3 1671 1669 1665 
3 1665 1668 1671 
3 1672 1673 1670 
3 1670 1669 1672 
3 1674 1672 1669 
3 1669 1671 1674 
3 1675 1676 1673 
3 1673 1672 1675 
3 1677 1675 1672 
3 1672 1674 1677 
3 1676 1675 1678 
3 1679 1678 1675 
3 1675 1677 1679 
3 1680 1681 1682 
3 1682 1683 1680 
3 1684 1680 1678 
3 1678 1679 1684 
3 1664 1663 1680 
3 1680 1684 1664 
3 1684 1679 1677 
3 1677 1674 1684 
3 1685 1686 1667 
3 1667 1687 1685 
3 1688 1689 1687 
3 1687 1690 1688 
3 1687 1667 1666 
3 1666 1691 1687 
3 1690 1687 1691 
3 1691 1692 1690 
3 1691 1666 1670 
3 1670 1693 1691 
3 1692 1691 1693 
3 1693 1694 1692 
3 1693 1670 1673 
3 1673 1695 1693 
3 1694 1693 1695 
3 1695 1696 1694 
3 1695 1673 1676 
3 1676 1697 1695 
3 1696 1695 1697 
3 1697 1698 1696 
3 1698 1697 1699 
3 1699 1700 1698 
3 1701 1702 1699 
3 1700 1699 1703 
3 1703 1704 1700 
3 1704 1703 1689 
3 1689 1688 1704 
3 1688 1690 1692 
3 1692 1694 1688 
3 1657 1660 1663 
3 1663 1662 1657 
3 1680 1683 1705 
3 1705 1706 1680 
3 1684 1674 1671 
3 1671 1668 1684 
3 1685 1687 1689 
3 1689 1707 1685 
3 1699 1702 1708 
3 1708 1709 1699 
3 1688 1694 1696 
3 1696 1698 1688 
3 1657 1662 1667 
3 1667 1686 1657 
3 1680 1706 1701 
3 1684 1668 1661 
3 1661 1664 1684 
3 1685 1707 1710 
3 1710 1711 1685 
3 1699 1709 1712 
3 1712 1713 1699 
3 1688 1698 1700 
3 1700 1704 1688 
3 1657 1686 1714 
3 1685 1711 1715 
3 1699 1713 1703 
3 1678 1716 1676 
3 1717 1718 1714 
3 1714 1686 1717 
3 1718 1719 1657 
3 1657 1714 1718 
3 1719 1720 1658 
3 1658 1657 1719 
3 1720 1721 1659 
3 1659 1658 1720 
3 1721 1722 1660 
3 1660 1659 1721 
3 1723 1663 1722 
3 1724 1725 1718 
3 1718 1717 1724 
3 1725 1726 1719 
3 1719 1718 1725 
3 1726 1727 1720 
3 1720 1719 1726 
3 1727 1721 1720 
3 1728 1722 1721 
3 1729 1730 1723 
3 1723 1722 1729 
3 1731 1732 1725 
3 1725 1724 1731 
3 1732 1733 1726 
3 1726 1725 1732 
3 1733 1734 1727 
3 1727 1726 1733 
3 1734 1728 1727 
3 1735 1736 1729 
3 1729 1728 1735 
3 1736 1737 1730 
3 1730 1729 1736 
3 1738 1739 1732 
3 1732 1731 1738 
3 1739 1740 1733 
3 1733 1732 1739 
3 1740 1741 1734 
3 1734 1733 1740 
3 1741 1742 1735 
3 1735 1734 1741 
3 1742 1743 1736 
3 1736 1735 1742 
3 1743 1744 1737 
3 1737 1736 1743 
3 1745 1746 1739 
3 1739 1738 1745 
3 1746 1747 1740 
3 1740 1739 1746 
3 1747 1748 1741 
3 1741 1740 1747 
3 1748 1749 1742 
3 1742 1741 1748 
3 1749 1750 1743 
3 1743 1742 1749 
3 1750 1751 1744 
3 1744 1743 1750 
3 1752 1753 1746 
3 1746 1745 1752 
3 1753 1754 1747 
3 1747 1746 1753 
3 1754 1755 1748 
3 1748 1747 1754 
3 1755 1756 1749 
3 1749 1748 1755 
3 1756 1757 1750 
3 1750 1749 1756 
3 1757 1758 1750 
3 1660 1722 1663 
3 1729 1722 1728 
3 1728 1721 1727 
3 1735 1728 1734 
3 1758 1751 1750 
3 1759 1760 1761 
3 1761 1762 1759 
3 1760 1763 1764 
3 1764 1761 1760 
3 1763 1765 1766 
3 1766 1764 1763 
3 1765 1767 1766 
3 1767 1768 1769 
3 1768 1723 1730 
3 1730 1770 1768 
3 1762 1761 1771 
3 1771 1772 1762 
3 1761 1764 1773 
3 1773 1771 1761 
3 1764 1766 1774 
3 1774 1773 1764 
3 1766 1769 1774 
3 1769 1770 1775 
3 1775 1776 1769 
3 1770 1730 1737 
3 1737 1775 1770 
3 1772 1771 1777 
3 1777 1778 1772 
3 1771 1773 1779 
3 1779 1777 1771 
3 1773 1774 1780 
3 1780 1779 1773 
3 1774 1776 1781 
3 1781 1780 1774 
3 1776 1775 1782 
3 1782 1781 1776 
3 1775 1737 1744 
3 1744 1782 1775 
3 1778 1777 1783 
3 1783 1784 1778 
3 1777 1779 1785 
3 1785 1783 1777 
3 1779 1780 1786 
3 1786 1785 1779 
3 1780 1781 1787 
3 1787 1786 1780 
3 1781 1782 1788 
3 1788 1787 1781 
3 1782 1744 1751 
3 1751 1788 1782 
3 1784 1783 1753 
3 1753 1752 1784 
3 1783 1785 1754 
3 1754 1753 1783 
3 1785 1786 1755 
3 1755 1754 1785 
3 1786 1787 1756 
3 1756 1755 1786 
3 1787 1788 1757 
3 1757 1756 1787 
3 1788 1758 1757 
3 1769 1768 1770 
3 1766 1767 1769 
3 1774 1769 1776 
3 1788 1751 1758 
3 1680 1723 1768 
3 1768 1681 1680 
3 1760 1759 1701 
3 1701 1706 1760 
3 1763 1760 1706 
3 1706 1705 1763 
3 1765 1763 1705 
3 1705 1683 1765 
3 1767 1765 1683 
3 1683 1682 1767 
3 1768 1767 1682 
3 1682 1681 1768 
3 1680 1663 1723 
3 1697 1676 1716 
3 1716 1699 1697 
3 1699 1716 1701 
3 1686 1685 1789 
3 1789 1717 1686 
3 1685 1715 1790 
3 1790 1789 1685 
3 1715 1711 1791 
3 1791 1790 1715 
3 1711 1710 1792 
3 1792 1791 1711 
3 1710 1707 1793 
3 1793 1792 1710 
3 1793 1689 1794 
3 1717 1789 1795 
3 1795 1724 1717 
3 1789 1790 1796 
3 1796 1795 1789 
3 1790 1791 1797 
3 1797 1796 1790 
3 1791 1792 1797 
3 1792 1793 1798 
3 1793 1794 1799 
3 1799 1800 1793 
3 1724 1795 1801 
3 1801 1731 1724 
3 1795 1796 1802 
3 1802 1801 1795 
3 1796 1797 1803 
3 1803 1802 1796 
3 1797 1798 1803 
3 1798 1800 1804 
3 1804 1805 1798 
3 1800 1799 1806 
3 1806 1804 1800 
3 1731 1801 1807 
3 1807 1738 1731 
3 1801 1802 1808 
3 1808 1807 1801 
3 1802 1803 1809 
3 1809 1808 1802 
3 1803 1805 1810 
3 1810 1809 1803 
3 1805 1804 1811 
3 1811 1810 1805 
3 1804 1806 1812 
3 1812 1811 1804 
3 1738 1807 1813 
3 1813 1745 1738 
3 1807 1808 1814 
3 1814 1813 1807 
3 1808 1809 1815 
3 1815 1814 1808 
3 1809 1810 1816 
3 1816 1815 1809 
3 1810 1811 1817 
3 1817 1816 1810 
3 1811 1812 1818 
3 1818 1817 1811 
3 1745 1813 1819 
3 1819 1752 1745 
3 1813 1814 1820 
3 1820 1819 1813 
3 1814 1815 1821 
3 1821 1820 1814 
3 1815 1816 1822 
3 1822 1821 1815 
3 1816 1817 1823 
3 1823 1822 1816 
3 1817 1824 1823 
3 1689 1793 1707 
3 1798 1793 1800 
3 1797 1792 1798 
3 1803 1798 1805 
3 1817 1818 1824 
3 1762 1825 1826 
3 1826 1759 1762 
3 1825 1827 1828 
3 1828 1826 1825 
3 1827 1829 1830 
3 1830 1828 1827 
3 1829 1831 1830 
3 1832 1833 1831 
3 1834 1799 1794 
3 1794 1833 1834 
3 1772 1835 1825 
3 1825 1762 1772 
3 1835 1836 1827 
3 1827 1825 1835 
3 1836 1837 1829 
3 1829 1827 1836 
3 1837 1832 1829 
3 1838 1839 1834 
3 1834 1832 1838 
3 1839 1806 1799 
3 1799 1834 1839 
3 1778 1840 1835 
3 1835 1772 1778 
3 1840 1841 1836 
3 1836 1835 1840 
3 1841 1842 1837 
3 1837 1836 1841 
3 1842 1843 1838 
3 1838 1837 1842 
3 1843 1844 1839 
3 1839 1838 1843 
3 1844 1812 1806 
3 1806 1839 1844 
3 1784 1845 1840 
3 1840 1778 1784 
3 1845 1846 1841 
3 1841 1840 1845 
3 1846 1847 1842 
3 1842 1841 1846 
3 1847 1848 1843 
3 1843 1842 1847 
3 1848 1849 1844 
3 1844 1843 1848 
3 1849 1818 1812 
3 1812 1844 1849 
3 1752 1819 1845 
3 1845 1784 1752 
3 1819 1820 1846 
3 1846 1845 1819 
3 1820 1821 1847 
3 1847 1846 1820 
3 1821 1822 1848 
3 1848 1847 1821 
3 1822 1823 1849 
3 1849 1848 1822 
3 1823 1824 1849 
3 1834 1833 1832 
3 1832 1831 1829 
3 1838 1832 1837 
3 1824 1818 1849 
3 1713 1833 1794 
3 1794 1703 1713 
3 1702 1701 1759 
3 1759 1826 1702 
3 1708 1702 1826 
3 1826 1828 1708 
3 1709 1708 1828 
3 1828 1830 1709 
3 1712 1709 1830 
3 1830 1831 1712 
3 1713 1712 1831 
3 1831 1833 1713 
3 1794 1689 1703 
3 1701 1716 1680 
3 1680 1716 1678 
3 1850 1851 1852 
3 1852 1853 1850 
3 1854 1855 1856 
3 1856 1857 1854 
3 1858 1859 1851 
3 1851 1850 1858 
3 1860 1858 1850 
3 1850 1861 1860 
3 1862 1863 1859 
3 1859 1858 1862 
3 1864 1862 1858 
3 1858 1860 1864 
3 1865 1866 1863 
3 1863 1862 1865 
3 1867 1865 1862 
3 1862 1864 1867 
3 1868 1869 1866 
3 1866 1865 1868 
3 1870 1868 1865 
3 1865 1867 1870 
3 1871 1872 1869 
3 1869 1868 1871 
3 1873 1871 1868 
3 1868 1870 1873 
3 1874 1875 1872 
3 1872 1871 1874 
3 1876 1877 1878 
3 1878 1879 1876 
3 1853 1852 1875 
3 1875 1874 1853 
3 1851 1859 1863 
3 1863 1866 1851 
3 1880 1881 1882 
3 1882 1883 1880 
3 1884 1880 1883 
3 1883 1861 1884 
3 1883 1882 1885 
3 1885 1886 1883 
3 1861 1883 1886 
3 1886 1860 1861 
3 1886 1885 1887 
3 1887 1888 1886 
3 1860 1886 1888 
3 1888 1864 1860 
3 1888 1887 1889 
3 1889 1890 1888 
3 1864 1888 1890 
3 1890 1867 1864 
3 1890 1889 1891 
3 1891 1892 1890 
3 1867 1890 1892 
3 1892 1870 1867 
3 1892 1891 1893 
3 1893 1894 1892 
3 1870 1892 1894 
3 1894 1873 1870 
3 1894 1893 1895 
3 1895 1896 1894 
3 1873 1894 1896 
3 1896 1897 1873 
3 1896 1895 1881 
3 1881 1880 1896 
3 1881 1895 1893 
3 1893 1891 1881 
3 1854 1857 1898 
3 1898 1861 1854 
3 1876 1879 1899 
3 1899 1900 1876 
3 1851 1866 1869 
3 1869 1872 1851 
3 1884 1861 1898 
3 1898 1901 1884 
3 1873 1897 1902 
3 1902 1903 1873 
3 1881 1891 1889 
3 1889 1887 1881 
3 1854 1861 1850 
3 1850 1853 1854 
3 1876 1900 1874 
3 1874 1871 1876 
3 1851 1872 1875 
3 1875 1852 1851 
3 1884 1901 1904 
3 1904 1905 1884 
3 1873 1903 1906 
3 1906 1907 1873 
3 1881 1887 1885 
3 1885 1882 1881 
3 1854 1853 1908 
3 1876 1871 1873 
3 1884 1905 1909 
3 1873 1907 1876 
3 1910 1908 1853 
3 1910 1911 1854 
3 1854 1908 1910 
3 1911 1912 1855 
3 1855 1854 1911 
3 1912 1913 1856 
3 1856 1855 1912 
3 1913 1914 1857 
3 1857 1856 1913 
3 1914 1915 1898 
3 1898 1857 1914 
3 1916 1917 1911 
3 1917 1918 1913 
3 1913 1912 1917 
3 1918 1919 1914 
3 1914 1913 1918 
3 1919 1920 1915 
3 1915 1914 1919 
3 1921 1922 1919 
3 1919 1918 1921 
3 1922 1923 1920 
3 1920 1919 1922 
3 1924 1910 1853 
3 1911 1910 1916 
3 1912 1911 1917 
3 1925 1926 1910 
3 1910 1924 1925 
3 1926 1916 1910 
3 1927 1928 1926 
3 1926 1925 1927 
3 1928 1929 1916 
3 1916 1926 1928 
3 1929 1930 1916 
3 1930 1921 1918 
3 1918 1917 1930 
3 1931 1932 1928 
3 1928 1927 1931 
3 1932 1933 1929 
3 1929 1928 1932 
3 1933 1934 1930 
3 1930 1929 1933 
3 1934 1935 1921 
3 1921 1930 1934 
3 1935 1936 1922 
3 1922 1921 1935 
3 1936 1937 1923 
3 1923 1922 1936 
3 1938 1939 1932 
3 1932 1931 1938 
3 1939 1940 1933 
3 1933 1932 1939 
3 1940 1941 1934 
3 1934 1933 1940 
3 1941 1942 1935 
3 1935 1934 1941 
3 1942 1943 1936 
3 1936 1935 1942 
3 1943 1944 1937 
3 1937 1936 1943 
3 1945 1946 1939 
3 1939 1938 1945 
3 1946 1947 1940 
3 1940 1939 1946 
3 1947 1948 1941 
3 1941 1940 1947 
3 1948 1949 1942 
3 1942 1941 1948 
3 1949 1950 1943 
3 1943 1942 1949 
3 1950 1951 1944 
3 1944 1943 1950 
3 1917 1916 1930 
3 1952 1953 1954 
3 1955 1956 1957 
3 1957 1953 1955 
3 1956 1958 1959 
3 1959 1957 1956 
3 1958 1960 1961 
3 1961 1959 1958 
3 1957 1959 1962 
3 1962 1963 1957 
3 1959 1961 1964 
3 1964 1962 1959 
3 1954 1965 1952 
3 1953 1952 1955 
3 1924 1965 1966 
3 1966 1925 1924 
3 1965 1954 1966 
3 1925 1966 1967 
3 1967 1927 1925 
3 1966 1954 1968 
3 1968 1967 1966 
3 1954 1969 1968 
3 1953 1957 1963 
3 1963 1969 1953 
3 1927 1967 1970 
3 1970 1931 1927 
3 1967 1968 1971 
3 1971 1970 1967 
3 1968 1969 1972 
3 1972 1971 1968 
3 1969 1963 1973 
3 1973 1972 1969 
3 1963 1962 1974 
3 1974 1973 1963 
3 1962 1964 1975 
3 1975 1974 1962 
3 1931 1970 1976 
3 1976 1938 1931 
3 1970 1971 1977 
3 1977 1976 1970 
3 1971 1972 1978 
3 1978 1977 1971 
3 1972 1973 1979 
3 1979 1978 1972 
3 1973 1974 1980 
3 1980 1979 1973 
3 1974 1975 1981 
3 1981 1980 1974 
3 1938 1976 1946 
3 1946 1945 1938 
3 1976 1977 1947 
3 1947 1946 1976 
3 1977 1978 1948 
3 1948 1947 1977 
3 1978 1979 1949 
3 1949 1948 1978 
3 1979 1980 1950 
3 1950 1949 1979 
3 1980 1981 1951 
3 1951 1950 1980 
3 1969 1954 1953 
3 1960 1958 1877 
3 1877 1876 1960 
3 1924 1853 1874 
3 1965 1924 1874 
3 1874 1900 1965 
3 1952 1965 1900 
3 1900 1899 1952 
3 1955 1952 1899 
3 1899 1879 1955 
3 1956 1955 1879 
3 1879 1878 1956 
3 1958 1956 1878 
3 1878 1877 1958 
3 1880 1884 1982 
3 1884 1909 1983 
3 1983 1982 1884 
3 1909 1905 1984 
3 1984 1983 1909 
3 1905 1904 1985 
3 1985 1984 1905 
3 1904 1901 1986 
3 1986 1985 1904 
3 1901 1898 1915 
3 1915 1986 1901 
3 1983 1987 1988 
3 1984 1985 1989 
3 1989 1987 1984 
3 1985 1986 1990 
3 1990 1989 1985 
3 1986 1915 1920 
3 1920 1990 1986 
3 1989 1990 1991 
3 1991 1992 1989 
3 1990 1920 1923 
3 1923 1991 1990 
3 1880 1982 1993 
3 1988 1982 1983 
3 1987 1983 1984 
3 1993 1982 1994 
3 1994 1995 1993 
3 1982 1988 1994 
3 1995 1994 1996 
3 1996 1997 1995 
3 1994 1988 1998 
3 1998 1996 1994 
3 1988 1999 1998 
3 1987 1989 1992 
3 1992 1999 1987 
3 1997 1996 2000 
3 2000 2001 1997 
3 1996 1998 2002 
3 2002 2000 1996 
3 1998 1999 2003 
3 2003 2002 1998 
3 1999 1992 2004 
3 2004 2003 1999 
3 1992 1991 2005 
3 2005 2004 1992 
3 1991 1923 1937 
3 1937 2005 1991 
3 2001 2000 2006 
3 2006 2007 2001 
3 2000 2002 2008 
3 2008 2006 2000 
3 2002 2003 2009 
3 2009 2008 2002 
3 2003 2004 2010 
3 2010 2009 2003 
3 2004 2005 2011 
3 2011 2010 2004 
3 2005 1937 1944 
3 1944 2011 2005 
3 2007 2006 2012 
3 2012 2013 2007 
3 2006 2008 2014 
3 2014 2012 2006 
3 2008 2009 2015 
3 2015 2014 2008 
3 2009 2010 2016 
3 2016 2015 2009 
3 2010 2011 2017 
3 2017 2016 2010 
3 2011 1944 1951 
3 1951 2017 2011 
3 1999 1988 1987 
3 2018 2019 2020 
3 2019 2021 2022 
3 2022 2023 2019 
3 2021 2024 2025 
3 2025 2022 2021 
3 2024 1961 1960 
3 1960 2025 2024 
3 2026 2027 2024 
3 2024 2021 2026 
3 2027 1964 1961 
3 1961 2024 2027 
3 2020 2028 2018 
3 2023 2020 2019 
3 1995 2029 2028 
3 2028 1993 1995 
3 2029 2018 2028 
3 1997 2030 2029 
3 2029 1995 1997 
3 2030 2031 2018 
3 2018 2029 2030 
3 2031 2032 2018 
3 2032 2026 2021 
3 2021 2019 2032 
3 2001 2033 2030 
3 2030 1997 2001 
3 2033 2034 2031 
3 2031 2030 2033 
3 2034 2035 2032 
3 2032 2031 2034 
3 2035 2036 2026 
3 2026 2032 2035 
3 2036 2037 2027 
3 2027 2026 2036 
3 2037 1975 1964 
3 1964 2027 2037 
3 2007 2038 2033 
3 2033 2001 2007 
3 2038 2039 2034 
3 2034 2033 2038 
3 2039 2040 2035 
3 2035 2034 2039 
3 2040 2041 2036 
3 2036 2035 2040 
3 2041 2042 2037 
3 2037 2036 2041 
3 2042 1981 1975 
3 1975 2037 2042 
3 2013 2012 2038 
3 2038 2007 2013 
3 2012 2014 2039 
3 2039 2038 2012 
3 2014 2015 2040 
3 2040 2039 2014 
3 2015 2016 2041 
3 2041 2040 2015 
3 2016 2017 2042 
3 2042 2041 2016 
3 2017 1951 1981 
3 1981 2042 2017 
3 2019 2018 2032 
3 1876 1907 2025 
3 2025 1960 1876 
3 1896 1880 1993 
3 1897 1896 1993 
3 1993 2028 1897 
3 1902 1897 2028 
3 2028 2020 1902 
3 1903 1902 2020 
3 2020 2023 1903 
3 1906 1903 2023 
3 2023 2022 1906 
3 1907 1906 2022 
3 2022 2025 1907 
3 2043 2044 2045 
3 2045 2046 2043 
3 2047 2048 2049 
3 2049 2050 2047 
3 2051 2052 2053 
3 2053 2048 2051 
3 2054 2051 2048 
3 2048 2047 2054 
3 2055 2056 2052 
3 2052 2051 2055 
3 2057 2055 2051 
3 2051 2054 2057 
3 2058 2059 2056 
3 2056 2055 2058 
3 2060 2058 2055 
3 2055 2057 2060 
3 2061 2062 2059 
3 2059 2058 2061 
3 2063 2061 2058 
3 2058 2060 2063 
3 2064 2065 2062 
3 2062 2061 2064 
3 2066 2064 2061 
3 2061 2063 2066 
3 2067 2068 2069 
3 2069 2070 2067 
3 2071 2067 2064 
3 2064 2066 2071 
3 2050 2049 2067 
3 2067 2071 2050 
3 2071 2066 2063 
3 2063 2060 2071 
3 2072 2073 2053 
3 2053 2074 2072 
3 2075 2076 2074 
3 2074 2077 2075 
3 2074 2053 2052 
3 2052 2078 2074 
3 2077 2074 2078 
3 2078 2079 2077 
3 2078 2052 2056 
3 2056 2080 2078 
3 2079 2078 2080 
3 2080 2081 2079 
3 2080 2056 2059 
3 2059 2082 2080 
3 2081 2080 2082 
3 2082 2083 2081 
3 2082 2059 2062 
3 2062 2084 2082 
3 2083 2082 2084 
3 2084 2085 2083 
3 2084 2062 2065 
3 2065 2086 2084 
3 2085 2084 2086 
3 2086 2087 2085 
3 2086 2065 2088 
3 2088 2089 2086 
3 2087 2086 2090 
3 2090 2091 2087 
3 2091 2090 2076 
3 2076 2075 2091 
3 2075 2077 2079 
3 2079 2081 2075 
3 2043 2046 2049 
3 2049 2048 2043 
3 2067 2070 2092 
3 2092 2093 2067 
3 2071 2060 2057 
3 2057 2054 2071 
3 2072 2074 2076 
3 2076 2094 2072 
3 2086 2089 2095 
3 2095 2096 2086 
3 2075 2081 2083 
3 2083 2085 2075 
3 2043 2048 2053 
3 2053 2073 2043 
3 2067 2093 2088 
3 2088 2065 2067 
3 2071 2054 2047 
3 2047 2050 2071 
3 2072 2094 2097 
3 2097 2098 2072 
3 2086 2096 2099 
3 2099 2100 2086 
3 2075 2085 2087 
3 2087 2091 2075 
3 2043 2073 2101 
3 2067 2065 2064 
3 2072 2098 2102 
3 2086 2100 2090 
3 2103 2104 2101 
3 2101 2073 2103 
3 2104 2105 2043 
3 2043 2101 2104 
3 2105 2106 2044 
3 2044 2043 2105 
3 2106 2107 2045 
3 2045 2044 2106 
3 2107 2108 2046 
3 2046 2045 2107 
3 2109 2049 2108 
3 2110 2111 2104 
3 2104 2103 2110 
3 2111 2112 2105 
3 2105 2104 2111 
3 2112 2113 2106 
3 2106 2105 2112 
3 2113 2107 2106 
3 2114 2108 2107 
3 2115 2116 2109 
3 2109 2108 2115 
3 2117 2118 2111 
3 2111 2110 2117 
3 2118 2119 2112 
3 2112 2111 2118 
3 2119 2120 2113 
3 2113 2112 2119 
3 2120 2114 2113 
3 2121 2122 2115 
3 2115 2114 2121 
3 2122 2123 2116 
3 2116 2115 2122 
3 2124 2125 2118 
3 2118 2117 2124 
3 2125 2126 2119 
3 2119 2118 2125 
3 2126 2127 2120 
3 2120 2119 2126 
3 2127 2128 2121 
3 2121 2120 2127 
3 2128 2129 2122 
3 2122 2121 2128 
3 2129 2130 2123 
3 2123 2122 2129 
3 2131 2132 2125 
3 2125 2124 2131 
3 2132 2133 2126 
3 2126 2125 2132 
3 2133 2134 2127 
3 2127 2126 2133 
3 2134 2135 2128 
3 2128 2127 2134 
3 2135 2136 2129 
3 2129 2128 2135 
3 2136 2137 2130 
3 2130 2129 2136 
3 2138 2139 2132 
3 2132 2131 2138 
3 2139 2140 2133 
3 2133 2132 2139 
3 2140 2141 2134 
3 2134 2133 2140 
3 2141 2142 2135 
3 2135 2134 2141 
3 2142 2143 2136 
3 2136 2135 2142 
3 2143 2144 2136 
3 2046 2108 2049 
3 2115 2108 2114 
3 2114 2107 2113 
3 2121 2114 2120 
3 2144 2137 2136 
3 2145 2146 2147 
3 2147 2148 2145 
3 2146 2149 2150 
3 2150 2147 2146 
3 2149 2151 2152 
3 2152 2150 2149 
3 2151 2153 2152 
3 2153 2154 2155 
3 2154 2109 2116 
3 2116 2156 2154 
3 2148 2147 2157 
3 2157 2158 2148 
3 2147 2150 2159 
3 2159 2157 2147 
3 2150 2152 2160 
3 2160 2159 2150 
3 2152 2155 2160 
3 2155 2156 2161 
3 2161 2162 2155 
3 2156 2116 2123 
3 2123 2161 2156 
3 2158 2157 2163 
3 2163 2164 2158 
3 2157 2159 2165 
3 2165 2163 2157 
3 2159 2160 2166 
3 2166 2165 2159 
3 2160 2162 2167 
3 2167 2166 2160 
3 2162 2161 2168 
3 2168 2167 2162 
3 2161 2123 2130 
3 2130 2168 2161 
3 2164 2163 2169 
3 2169 2170 2164 
3 2163 2165 2171 
3 2171 2169 2163 
3 2165 2166 2172 
3 2172 2171 2165 
3 2166 2167 2173 
3 2173 2172 2166 
3 2167 2168 2174 
3 2174 2173 2167 
3 2168 2130 2137 
3 2137 2174 2168 
3 2170 2169 2139 
3 2139 2138 2170 
3 2169 2171 2140 
3 2140 2139 2169 
3 2171 2172 2141 
3 2141 2140 2171 
3 2172 2173 2142 
3 2142 2141 2172 
3 2173 2174 2143 
3 2143 2142 2173 
3 2174 2144 2143 
3 2155 2154 2156 
3 2152 2153 2155 
3 2160 2155 2162 
3 2174 2137 2144 
3 2067 2109 2154 
3 2154 2068 2067 
3 2146 2145 2088 
3 2088 2093 2146 
3 2149 2146 2093 
3 2093 2092 2149 
3 2151 2149 2092 
3 2092 2070 2151 
3 2153 2151 2070 
3 2070 2069 2153 
3 2154 2153 2069 
3 2069 2068 2154 
3 2067 2049 2109 
3 2073 2072 2175 
3 2175 2103 2073 
3 2072 2102 2176 
3 2176 2175 2072 
3 2102 2098 2177 
3 2177 2176 2102 
3 2098 2097 2178 
3 2178 2177 2098 
3 2097 2094 2179 
3 2179 2178 2097 
3 2179 2076 2180 
3 2103 2175 2181 
3 2181 2110 2103 
3 2175 2176 2182 
3 2182 2181 2175 
3 2176 2177 2183 
3 2183 2182 2176 
3 2177 2178 2183 
3 2178 2179 2184 
3 2179 2180 2185 
3 2185 2186 2179 
3 2110 2181 2187 
3 2187 2117 2110 
3 2181 2182 2188 
3 2188 2187 2181 
3 2182 2183 2189 
3 2189 2188 2182 
3 2183 2184 2189 
3 2184 2186 2190 
3 2190 2191 2184 
3 2186 2185 2192 
3 2192 2190 2186 
3 2117 2187 2193 
3 2193 2124 2117 
3 2187 2188 2194 
3 2194 2193 2187 
3 2188 2189 2195 
3 2195 2194 2188 
3 2189 2191 2196 
3 2196 2195 2189 
3 2191 2190 2197 
3 2197 2196 2191 
3 2190 2192 2198 
3 2198 2197 2190 
3 2124 2193 2199 
3 2199 2131 2124 
3 2193 2194 2200 
3 2200 2199 2193 
3 2194 2195 2201 
3 2201 2200 2194 
3 2195 2196 2202 
3 2202 2201 2195 
3 2196 2197 2203 
3 2203 2202 2196 
3 2197 2198 2204 
3 2204 2203 2197 
3 2131 2199 2205 
3 2205 2138 2131 
3 2199 2200 2206 
3 2206 2205 2199 
3 2200 2201 2207 
3 2207 2206 2200 
3 2201 2202 2208 
3 2208 2207 2201 
3 2202 2203 2209 
3 2209 2208 2202 
3 2203 2210 2209 
3 2076 2179 2094 
3 2184 2179 2186 
3 2183 2178 2184 
3 2189 2184 2191 
3 2203 2204 2210 
3 2148 2211 2212 
3 2212 2145 2148 
3 2211 2213 2214 
3 2214 2212 2211 
3 2213 2215 2216 
3 2216 2214 2213 
3 2215 2217 2216 
3 2218 2219 2217 
3 2220 2185 2180 
3 2180 2219 2220 
3 2158 2221 2211 
3 2211 2148 2158 
3 2221 2222 2213 
3 2213 2211 2221 
3 2222 2223 2215 
3 2215 2213 2222 
3 2223 2218 2215 
3 2224 2225 2220 
3 2220 2218 2224 
3 2225 2192 2185 
3 2185 2220 2225 
3 2164 2226 2221 
3 2221 2158 2164 
3 2226 2227 2222 
3 2222 2221 2226 
3 2227 2228 2223 
3 2223 2222 2227 
3 2228 2229 2224 
3 2224 2223 2228 
3 2229 2230 2225 
3 2225 2224 2229 
3 2230 2198 2192 
3 2192 2225 2230 
3 2170 2231 2226 
3 2226 2164 2170 
3 2231 2232 2227 
3 2227 2226 2231 
3 2232 2233 2228 
3 2228 2227 2232 
3 2233 2234 2229 
3 2229 2228 2233 
3 2234 2235 2230 
3 2230 2229 2234 
3 2235 2204 2198 
3 2198 2230 2235 
3 2138 2205 2231 
3 2231 2170 2138 
3 2205 2206 2232 
3 2232 2231 2205 
3 2206 2207 2233 
3 2233 2232 2206 
3 2207 2208 2234 
3 2234 2233 2207 
3 2208 2209 2235 
3 2235 2234 2208 
3 2209 2210 2235 
3 2220 2219 2218 
3 2218 2217 2215 
3 2224 2218 2223 
3 2210 2204 2235 
3 2100 2219 2180 
3 2180 2090 2100 
3 2089 2088 2145 
3 2145 2212 2089 
3 2095 2089 2212 
3 2212 2214 2095 
3 2096 2095 2214 
3 2214 2216 2096 
3 2099 2096 2216 
3 2216 2217 2099 
3 2100 2099 2217 
3 2217 2219 2100 
3 2180 2076 2090 
3 2236 2237 2238 
3 2238 2239 2236 
3 2240 2241 2242 
3 2242 2243 2240 
3 2244 2245 2237 
3 2237 2236 2244 
3 2246 2244 2236 
3 2236 2247 2246 
3 2248 2249 2245 
3 2245 2244 2248 
3 2250 2248 2244 
3 2244 2246 2250 
3 2251 2252 2249 
3 2249 2248 2251 
3 2253 2251 2248 
3 2248 2250 2253 
3 2254 2255 2252 
3 2252 2251 2254 
3 2256 2254 2251 
3 2251 2253 2256 
3 2257 2258 2255 
3 2255 2254 2257 
3 2259 2257 2254 
3 2254 2256 2259 
3 2260 2261 2258 
3 2258 2257 2260 
3 2262 2263 2264 
3 2264 2265 2262 
3 2239 2238 2261 
3 2261 2260 2239 
3 2237 2245 2249 
3 2249 2252 2237 
3 2266 2267 2268 
3 2268 2269 2266 
3 2270 2266 2269 
3 2269 2247 2270 
3 2269 2268 2271 
3 2271 2272 2269 
3 2247 2269 2272 
3 2272 2246 2247 
3 2272 2271 2273 
3 2273 2274 2272 
3 2246 2272 2274 
3 2274 2250 2246 
3 2274 2273 2275 
3 2275 2276 2274 
3 2250 2274 2276 
3 2276 2253 2250 
3 2276 2275 2277 
3 2277 2278 2276 
3 2253 2276 2278 
3 2278 2256 2253 
3 2278 2277 2279 
3 2279 2280 2278 
3 2256 2278 2280 
3 2280 2259 2256 
3 2280 2279 2281 
3 2281 2282 2280 
3 2259 2280 2282 
3 2282 2283 2259 
3 2282 2281 2267 
3 2267 2266 2282 
3 2267 2281 2279 
3 2279 2277 2267 
3 2240 2243 2284 
3 2284 2247 2240 
3 2262 2265 2285 
3 2285 2286 2262 
3 2237 2252 2255 
3 2255 2258 2237 
3 2270 2247 2284 
3 2284 2287 2270 
3 2259 2283 2288 
3 2288 2289 2259 
3 2267 2277 2275 
3 2275 2273 2267 
3 2240 2247 2236 
3 2236 2239 2240 
3 2262 2286 2260 
3 2260 2257 2262 
3 2237 2258 2261 
3 2261 2238 2237 
3 2270 2287 2290 
3 2290 2291 2270 
3 2259 2289 2292 
3 2292 2293 2259 
3 2267 2273 2271 
3 2271 2268 2267 
3 2240 2239 2294 
3 2262 2257 2259 
3 2270 2291 2295 
3 2259 2293 2262 
3 2296 2294 2239 
3 2296 2297 2240 
3 2240 2294 2296 
3 2297 2298 2241 
3 2241 2240 2297 
3 2298 2299 2242 
3 2242 2241 2298 
3 2299 2300 2243 
3 2243 2242 2299 
3 2300 2301 2284 
3 2284 2243 2300 
3 2302 2303 2297 
3 2303 2304 2299 
3 2299 2298 2303 
3 2304 2305 2300 
3 2300 2299 2304 
3 2305 2306 2301 
3 2301 2300 2305 
3 2307 2308 2305 
3 2305 2304 2307 
3 2308 2309 2306 
3 2306 2305 2308 
3 2310 2296 2239 
3 2297 2296 2302 
3 2298 2297 2303 
3 2311 2312 2296 
3 2296 2310 2311 
3 2312 2302 2296 
3 2313 2314 2312 
3 2312 2311 2313 
3 2314 2315 2302 
3 2302 2312 2314 
3 2315 2316 2302 
3 2316 2307 2304 
3 2304 2303 2316 
3 2317 2318 2314 
3 2314 2313 2317 
3 2318 2319 2315 
3 2315 2314 2318 
3 2319 2320 2316 
3 2316 2315 2319 
3 2320 2321 2307 
3 2307 2316 2320 
3 2321 2322 2308 
3 2308 2307 2321 
3 2322 2323 2309 
3 2309 2308 2322 
3 2324 2325 2318 
3 2318 2317 2324 
3 2325 2326 2319 
3 2319 2318 2325 
3 2326 2327 2320 
3 2320 2319 2326 
3 2327 2328 2321 
3 2321 2320 2327 
3 2328 2329 2322 
3 2322 2321 2328 
3 2329 2330 2323 
3 2323 2322 2329 
3 2331 2332 2325 
3 2325 2324 2331 
3 2332 2333 2326 
3 2326 2325 2332 
3 2333 2334 2327 
3 2327 2326 2333 
3 2334 2335 2328 
3 2328 2327 2334 
3 2335 2336 2329 
3 2329 2328 2335 
3 2336 2337 2330 
3 2330 2329 2336 
3 2303 2302 2316 
3 2338 2339 2340 
3 2341 2342 2343 
3 2343 2339 2341 
3 2342 2344 2345 
3 2345 2343 2342 
3 2344 2346 2347 
3 2347 2345 2344 
3 2343 2345 2348 
3 2348 2349 2343 
3 2345 2347 2350 
3 2350 2348 2345 
3 2340 2351 2338 
3 2339 2338 2341 
3 2310 2351 2352 
3 2352 2311 2310 
3 2351 2340 2352 
3 2311 2352 2353 
3 2353 2313 2311 
3 2352 2340 2354 
3 2354 2353 2352 
3 2340 2355 2354 
3 2339 2343 2349 
3 2349 2355 2339 
3 2313 2353 2356 
3 2356 2317 2313 
3 2353 2354 2357 
3 2357 2356 2353 
3 2354 2355 2358 
3 2358 2357 2354 
3 2355 2349 2359 
3 2359 2358 2355 
3 2349 2348 2360 
3 2360 2359 2349 
3 2348 2350 2361 
3 2361 2360 2348 
3 2317 2356 2362 
3 2362 2324 2317 
3 2356 2357 2363 
3 2363 2362 2356 
3 2357 2358 2364 
3 2364 2363 2357 
3 2358 2359 2365 
3 2365 2364 2358 
3 2359 2360 2366 
3 2366 2365 2359 
3 2360 2361 2367 
3 2367 2366 2360 
3 2324 2362 2332 
3 2332 2331 2324 
3 2362 2363 2333 
3 2333 2332 2362 
3 2363 2364 2334 
3 2334 2333 2363 
3 2364 2365 2335 
3 2335 2334 2364 
3 2365 2366 2336 
3 2336 2335 2365 
3 2366 2367 2337 
3 2337 2336 2366 
3 2355 2340 2339 
3 2346 2344 2263 
3 2263 2262 2346 
3 2310 2239 2260 
3 2351 2310 2260 
3 2260 2286 2351 
3 2338 2351 2286 
3 2286 2285 2338 
3 2341 2338 2285 
3 2285 2265 2341 
3 2342 2341 2265 
3 2265 2264 2342 
3 2344 2342 2264 
3 2264 2263 2344 
3 2266 2270 2368 
3 2270 2295 2369 
3 2369 2368 2270 
3 2295 2291 2370 
3 2370 2369 2295 
3 2291 2290 2371 
3 2371 2370 2291 
3 2290 2287 2372 
3 2372 2371 2290 
3 2287 2284 2301 
3 2301 2372 2287 
3 2369 2373 2374 
3 2370 2371 2375 
3 2375 2373 2370 
3 2371 2372 2376 
3 2376 2375 2371 
3 2372 2301 2306 
3 2306 2376 2372 
3 2375 2376 2377 
3 2377 2378 2375 
3 2376 2306 2309 
3 2309 2377 2376 
3 2266 2368 2379 
3 2374 2368 2369 
3 2373 2369 2370 
3 2379 2368 2380 
3 2380 2381 2379 
3 2368 2374 2380 
3 2381 2380 2382 
3 2382 2383 2381 
3 2380 2374 2384 
3 2384 2382 2380 
3 2374 2385 2384 
3 2373 2375 2378 
3 2378 2385 2373 
3 2383 2382 2386 
3 2386 2387 2383 
3 2382 2384 2388 
3 2388 2386 2382 
3 2384 2385 2389 
3 2389 2388 2384 
3 2385 2378 2390 
3 2390 2389 2385 
3 2378 2377 2391 
3 2391 2390 2378 
3 2377 2309 2323 
3 2323 2391 2377 
3 2387 2386 2392 
3 2392 2393 2387 
3 2386 2388 2394 
3 2394 2392 2386 
3 2388 2389 2395 
3 2395 2394 2388 
3 2389 2390 2396 
3 2396 2395 2389 
3 2390 2391 2397 
3 2397 2396 2390 
3 2391 2323 2330 
3 2330 2397 2391 
3 2393 2392 2398 
3 2398 2399 2393 
3 2392 2394 2400 
3 2400 2398 2392 
3 2394 2395 2401 
3 2401 2400 2394 
3 2395 2396 2402 
3 2402 2401 2395 
3 2396 2397 2403 
3 2403 2402 2396 
3 2397 2330 2337 
3 2337 2403 2397 
3 2385 2374 2373 
3 2404 2405 2406 
3 2405 2407 2408 
3 2408 2409 2405 
3 2407 2410 2411 
3 2411 2408 2407 
3 2410 2347 2346 
3 2346 2411 2410 
3 2412 2413 2410 
3 2410 2407 2412 
3 2413 2350 2347 
3 2347 2410 2413 
3 2406 2414 2404 
3 2409 2406 2405 
3 2381 2415 2414 
3 2414 2379 2381 
3 2415 2404 2414 
3 2383 2416 2415 
3 2415 2381 2383 
3 2416 2417 2404 
3 2404 2415 2416 
3 2417 2418 2404 
3 2418 2412 2407 
3 2407 2405 2418 
3 2387 2419 2416 
3 2416 2383 2387 
3 2419 2420 2417 
3 2417 2416 2419 
3 2420 2421 2418 
3 2418 2417 2420 
3 2421 2422 2412 
3 2412 2418 2421 
3 2422 2423 2413 
3 2413 2412 2422 
3 2423 2361 2350 
3 2350 2413 2423 
3 2393 2424 2419 
3 2419 2387 2393 
3 2424 2425 2420 
3 2420 2419 2424 
3 2425 2426 2421 
3 2421 2420 2425 
3 2426 2427 2422 
3 2422 2421 2426 
3 2427 2428 2423 
3 2423 2422 2427 
3 2428 2367 2361 
3 2361 2423 2428 
3 2399 2398 2424 
3 2424 2393 2399 
3 2398 2400 2425 
3 2425 2424 2398 
3 2400 2401 2426 
3 2426 2425 2400 
3 2401 2402 2427 
3 2427 2426 2401 
3 2402 2403 2428 
3 2428 2427 2402 
3 2403 2337 2367 
3 2367 2428 2403 
3 2405 2404 2418 
3 2262 2293 2411 
3 2411 2346 2262 
3 2282 2266 2379 
3 2283 2282 2379 
3 2379 2414 2283 
3 2288 2283 2414 
3 2414 2406 2288 
3 2289 2288 2406 
3 2406 2409 2289 
3 2292 2289 2409 
3 2409 2408 2292 
3 2293 2292 2408 
3 2408 2411 2293 
3 2429 2430 2431 
3 2431 2432 2429 
3 2433 2434 2435 
3 2435 2436 2433 
3 2432 2431 2437 
3 2437 2438 2432 
3 2439 2432 2438 
3 2438 2440 2439 
3 2435 2439 2440 
3 2440 2441 2435 
3 2436 2435 2441 
3 2441 2442 2436 
3 2438 2437 2443 
3 2443 2444 2438 
3 2440 2438 2444 
3 2444 2445 2440 
3 2441 2440 2445 
3 2445 2446 2441 
3 2442 2441 2446 
3 2446 2447 2442 
3 2444 2443 2448 
3 2448 2449 2444 
3 2445 2444 2449 
3 2449 2450 2445 
3 2446 2445 2450 
3 2450 2451 2446 
3 2447 2446 2451 
3 2451 2452 2447 
3 2449 2448 2453 
3 2453 2454 2449 
3 2450 2449 2454 
3 2454 2455 2450 
3 2451 2450 2455 
3 2455 2456 2451 
3 2452 2451 2456 
3 2456 2457 2452 
3 2454 2453 2458 
3 2458 2459 2454 
3 2457 2456 2460 
3 2460 2461 2457 
3 2459 2458 2462 
3 2462 2463 2459 
3 2461 2460 2464 
3 2464 2465 2461 
3 2463 2462 2430 
3 2430 2429 2463 
3 2465 2464 2434 
3 2434 2433 2465 
3 2430 2462 2458 
3 2458 2453 2430 
3 2433 2436 2442 
3 2442 2447 2433 
3 2463 2429 2466 
3 2466 2467 2463 
3 2466 2434 2464 
3 2464 2467 2466 
3 2468 2469 2470 
3 2466 2429 2432 
3 2432 2439 2466 
3 2435 2434 2466 
3 2466 2439 2435 
3 2471 2472 2473 
3 2473 2474 2471 
3 2471 2467 2464 
3 2464 2460 2471 
3 2430 2453 2448 
3 2448 2443 2430 
3 2433 2447 2452 
3 2452 2457 2433 
3 2471 2474 2459 
3 2459 2463 2471 
3 2471 2460 2470 
3 2470 2469 2471 
3 2430 2443 2437 
3 2437 2431 2430 
3 2433 2457 2461 
3 2461 2465 2433 
3 2471 2463 2467 
3 2471 2469 2475 
3 2476 2477 2478 
3 2478 2479 2476 
3 2476 2480 2481 
3 2481 2477 2476 
3 2481 2480 2482 
3 2482 2483 2484 
3 2484 2485 2482 
3 2485 2486 2481 
3 2481 2482 2485 
3 2481 2486 2487 
3 2487 2477 2481 
3 2478 2477 2487 
3 2487 2488 2478 
3 2488 2487 2489 
3 2489 2490 2488 
3 2489 2487 2486 
3 2486 2468 2489 
3 2468 2486 2485 
3 2485 2491 2468 
3 2491 2485 2484 
3 2484 2492 2491 
3 2493 2494 2495 
3 2495 2496 2493 
3 2496 2495 2497 
3 2497 2459 2474 
3 2474 2473 2496 
3 2496 2497 2474 
3 2473 2472 2493 
3 2493 2496 2473 
3 2493 2472 2471 
3 2471 2492 2493 
3 2492 2471 2475 
3 2475 2491 2492 
3 2491 2475 2469 
3 2469 2468 2491 
3 2470 2489 2468 
3 2489 2470 2460 
3 2460 2490 2489 
3 2484 2483 2494 
3 2494 2493 2492 
3 2492 2484 2494 
3 2479 2478 2498 
3 2498 2476 2479 
3 2498 2499 2480 
3 2480 2476 2498 
3 2482 2480 2499 
3 2500 2501 2483 
3 2483 2482 2500 
3 2482 2499 2502 
3 2502 2500 2482 
3 2498 2503 2502 
3 2502 2499 2498 
3 2488 2503 2498 
3 2498 2478 2488 
3 2490 2504 2503 
3 2503 2488 2490 
3 2505 2502 2503 
3 2503 2504 2505 
3 2506 2500 2502 
3 2502 2505 2506 
3 2507 2501 2500 
3 2500 2506 2507 
3 2508 2495 2494 
3 2494 2509 2508 
3 2497 2495 2508 
3 2494 2483 2501 
3 2501 2507 2509 
3 2509 2494 2501 
3 2497 2508 2509 
3 2509 2455 2497 
3 2504 2490 2456 
3 2506 2505 2504 
3 2504 2456 2506 
3 2507 2506 2455 
3 2509 2507 2455 
3 2490 2460 2456 
3 2497 2454 2459 
3 2497 2455 2454 
3 2506 2456 2455