3 0 1 2 
3 3 2 4 
3 5 6 7 
3 8 9 10 
3 11 12 9 
3 13 14 15 
3 16 17 14 
3 18 19 20 
3 21 22 23 
3 24 25 21 
3 26 27 24 
3 28 29 26 
3 30 31 28 
3 32 33 30 
3 34 35 32 
3 36 37 34 
3 38 39 36 
3 40 41 38 
3 42 43 44 
3 44 45 46 
3 46 47 48 
3 48 49 50 
3 50 51 52 
3 52 53 54 
3 54 55 56 
3 56 57 58 
3 58 59 60 
3 60 61 7 
3 62 63 64 
3 64 65 66 
3 66 67 68 
3 68 69 70 
3 70 71 72 
3 72 73 74 
3 75 76 77 
3 78 79 75 
3 80 81 78 
3 82 83 80 
3 74 84 82 
3 85 86 87 
3 88 89 85 
3 90 91 88 
3 92 93 90 
3 94 95 92 
3 96 97 94 
3 98 99 96 
3 100 101 102 
3 102 103 104 
3 104 105 106 
3 106 107 108 
3 108 109 110 
3 110 111 112 
3 112 113 114 
3 115 116 117 
3 115 117 118 
3 118 119 115 
3 120 117 116 
3 120 118 117 
3 120 119 118 
3 121 122 116 
3 121 123 122 
3 121 124 123 
3 121 125 124 
3 116 122 126 
3 127 125 121 
3 127 125 121 
3 127 128 125 
3 116 129 121 
3 129 130 121 
3 130 131 121 
3 131 132 121 
3 133 129 116 
3 134 132 121 
3 121 132 134 
3 132 128 134 
3 135 136 137 
3 137 136 138 
3 139 140 135 
3 136 135 141 
3 141 135 140 
3 138 142 139 
3 143 138 136 
3 142 138 143 
3 144 145 146 
3 144 146 147 
3 148 144 147 
3 149 148 147 
3 149 147 150 
3 146 145 151 
3 151 145 152 
3 151 152 153 
3 151 153 150 
3 153 149 150 
3 154 155 148 
3 156 157 158 
3 159 157 156 
3 160 161 162 
3 163 160 162 
3 163 162 164 
3 163 164 165 
3 159 163 165 
3 157 161 160 
3 166 161 157 
3 167 166 157 
3 159 167 157 
3 159 165 167 
3 164 168 169 
3 170 146 160 
3 170 160 171 
3 172 146 151 
3 172 151 173 
3 147 174 175 
3 147 175 150 
3 174 176 177 
3 174 177 175 
3 176 178 179 
3 176 179 177 
3 178 180 181 
3 178 181 179 
3 180 182 183 
3 180 183 181 
3 182 163 159 
3 182 159 183 
3 160 184 185 
3 160 185 157 
3 157 185 186 
3 157 186 158 
3 183 159 156 
3 183 156 187 
3 181 183 187 
3 181 187 188 
3 179 181 188 
3 179 188 189 
3 177 179 189 
3 177 189 190 
3 175 177 190 
3 175 190 191 
3 150 175 191 
3 150 191 192 
3 151 150 192 
3 151 192 193 
3 173 151 193 
3 173 193 194 
3 170 195 147 
3 170 147 146 
3 195 196 174 
3 195 174 147 
3 196 197 176 
3 196 176 174 
3 197 198 178 
3 197 178 176 
3 198 199 180 
3 198 180 178 
3 199 200 182 
3 199 182 180 
3 200 201 163 
3 200 163 182 
3 201 171 160 
3 201 160 163 
3 201 195 170 
3 201 170 171 
3 196 195 201 
3 196 201 200 
3 197 196 200 
3 197 200 199 
3 198 197 199 
3 202 203 204 
3 204 203 205 
3 203 202 206 
3 207 205 203 
3 208 209 186 
3 158 186 209 
3 158 209 210 
3 156 158 210 
3 156 210 211 
3 187 156 211 
3 187 211 212 
3 213 209 214 
3 213 214 215 
3 216 213 215 
3 216 215 217 
3 212 216 217 
3 212 217 218 
3 219 214 208 
3 219 208 220 
3 221 219 220 
3 221 220 222 
3 218 221 222 
3 218 222 223 
3 224 208 225 
3 224 225 226 
3 224 226 227 
3 224 227 228 
3 228 227 229 
3 228 229 223 
3 230 225 206 
3 230 206 231 
3 232 233 234 
3 232 234 229 
3 230 231 233 
3 230 233 232 
3 187 229 234 
3 187 223 229 
3 187 218 223 
3 187 212 218 
3 206 208 186 
3 206 225 208 
3 194 235 236 
3 237 235 194 
3 237 194 193 
3 238 237 193 
3 238 193 192 
3 239 238 192 
3 239 192 191 
3 240 241 235 
3 240 235 242 
3 243 240 242 
3 243 242 244 
3 245 243 244 
3 245 244 239 
3 246 236 241 
3 246 241 247 
3 248 246 247 
3 248 247 249 
3 250 248 249 
3 250 249 245 
3 251 252 236 
3 251 236 253 
3 254 255 251 
3 254 251 253 
3 250 256 255 
3 250 255 254 
3 257 258 252 
3 257 252 259 
3 256 260 261 
3 256 261 262 
3 262 261 257 
3 262 257 259 
3 260 256 191 
3 256 250 191 
3 250 245 191 
3 245 239 191 
3 194 236 258 
3 236 252 258 
3 204 205 263 
3 204 263 264 
3 265 204 264 
3 265 264 266 
3 267 265 266 
3 267 266 268 
3 140 267 268 
3 140 268 141 
3 269 142 143 
3 269 143 270 
3 271 269 270 
3 271 270 272 
3 273 271 272 
3 273 272 274 
3 275 273 274 
3 275 274 276 
3 277 278 271 
3 277 271 273 
3 278 260 269 
3 278 269 271 
3 260 279 142 
3 260 142 269 
3 279 280 139 
3 279 139 142 
3 280 281 140 
3 280 140 139 
3 281 234 267 
3 281 267 140 
3 234 282 265 
3 234 265 267 
3 282 202 204 
3 282 204 265 
3 188 187 234 
3 188 234 281 
3 189 188 281 
3 189 281 280 
3 190 189 280 
3 190 280 279 
3 191 190 279 
3 191 279 260 
3 235 241 236 
3 214 209 208 
3 273 283 277 
3 275 283 273 
3 258 277 283 
3 283 275 284 
3 285 286 287 
3 288 289 290 
3 291 288 290 
3 291 290 292 
3 293 294 295 
3 296 297 298 
3 299 296 298 
3 299 298 300 
3 301 302 303 
3 301 303 304 
3 305 301 304 
3 276 274 306 
3 276 306 307 
3 274 272 308 
3 274 308 306 
3 272 270 309 
3 272 309 308 
3 270 143 310 
3 270 310 309 
3 143 136 311 
3 143 311 310 
3 136 141 312 
3 136 312 311 
3 141 268 313 
3 141 313 312 
3 268 266 314 
3 268 314 313 
3 266 264 315 
3 266 315 314 
3 264 263 316 
3 264 316 315 
3 307 306 317 
3 307 317 318 
3 306 308 319 
3 306 319 317 
3 308 309 320 
3 308 320 319 
3 309 310 321 
3 309 321 320 
3 310 311 322 
3 310 322 321 
3 311 312 323 
3 311 323 322 
3 312 313 324 
3 312 324 323 
3 313 314 325 
3 313 325 324 
3 314 315 326 
3 314 326 325 
3 315 316 327 
3 315 327 326 
3 326 327 328 
3 326 328 329 
3 325 326 329 
3 325 329 330 
3 324 325 330 
3 324 330 331 
3 323 324 331 
3 323 331 332 
3 322 323 332 
3 322 332 333 
3 321 322 333 
3 321 333 334 
3 320 321 334 
3 320 334 335 
3 319 320 335 
3 319 335 336 
3 317 319 336 
3 317 336 337 
3 318 317 337 
3 318 337 338 
3 339 340 129 
3 339 129 133 
3 340 341 130 
3 340 130 129 
3 341 342 131 
3 341 131 130 
3 342 343 132 
3 342 132 131 
3 343 302 128 
3 343 128 132 
3 302 344 125 
3 302 125 128 
3 344 345 124 
3 344 124 125 
3 345 346 123 
3 345 123 124 
3 346 347 122 
3 346 122 123 
3 347 348 126 
3 347 126 122 
3 329 328 348 
3 329 348 347 
3 330 329 347 
3 330 347 346 
3 331 330 346 
3 331 346 345 
3 332 331 345 
3 332 345 344 
3 333 332 344 
3 333 344 302 
3 334 333 302 
3 334 302 343 
3 335 334 343 
3 335 343 342 
3 336 335 342 
3 336 342 341 
3 337 336 341 
3 337 341 340 
3 338 337 340 
3 338 340 339 
3 116 126 349 
3 116 349 120 
3 350 133 116 
3 115 350 116 
3 351 352 353 
3 351 353 354 
3 352 172 173 
3 352 173 353 
3 184 355 356 
3 184 356 185 
3 355 357 358 
3 355 358 356 
3 357 359 360 
3 357 360 358 
3 359 351 354 
3 359 354 360 
3 360 354 361 
3 360 361 362 
3 358 360 362 
3 358 362 363 
3 356 358 363 
3 356 363 364 
3 185 356 364 
3 185 364 186 
3 353 173 194 
3 353 194 365 
3 354 353 365 
3 354 365 361 
3 366 367 352 
3 366 352 351 
3 367 40 172 
3 367 172 352 
3 7 368 355 
3 7 355 184 
3 368 369 357 
3 368 357 355 
3 369 370 359 
3 369 359 357 
3 370 366 351 
3 370 351 359 
3 367 366 370 
3 367 370 369 
3 367 369 368 
3 371 372 373 
3 206 373 372 
3 205 372 371 
3 374 375 376 
3 374 376 377 
3 186 364 373 
3 186 373 206 
3 378 377 376 
3 378 376 379 
3 371 378 379 
3 371 379 380 
3 205 371 380 
3 205 380 263 
3 381 275 276 
3 381 276 382 
3 374 381 382 
3 374 382 375 
3 383 384 381 
3 383 381 374 
3 373 385 378 
3 373 378 371 
3 385 386 377 
3 385 377 378 
3 386 383 374 
3 386 374 377 
3 362 361 383 
3 362 383 386 
3 363 362 386 
3 363 386 385 
3 364 363 385 
3 364 385 373 
3 365 194 258 
3 365 258 384 
3 361 365 384 
3 361 384 383 
3 384 387 381 
3 381 387 275 
3 387 384 258 
3 98 172 23 
3 114 42 184 
3 375 382 388 
3 375 388 389 
3 382 276 307 
3 382 307 388 
3 263 380 390 
3 263 390 316 
3 380 379 391 
3 380 391 390 
3 379 376 392 
3 379 392 391 
3 376 375 389 
3 376 389 392 
3 389 388 393 
3 389 393 394 
3 388 307 318 
3 388 318 393 
3 316 390 395 
3 316 395 327 
3 390 391 396 
3 390 396 395 
3 391 392 397 
3 391 397 396 
3 392 389 394 
3 392 394 397 
3 397 394 398 
3 397 398 399 
3 396 397 399 
3 396 399 400 
3 395 396 400 
3 395 400 401 
3 327 395 401 
3 327 401 328 
3 393 318 338 
3 393 338 402 
3 394 393 402 
3 394 402 398 
3 403 404 350 
3 403 350 115 
3 404 339 133 
3 404 133 350 
3 348 405 349 
3 348 349 126 
3 405 406 120 
3 405 120 349 
3 406 407 119 
3 406 119 120 
3 407 403 115 
3 407 115 119 
3 399 398 403 
3 399 403 407 
3 400 399 407 
3 400 407 406 
3 401 400 406 
3 401 406 405 
3 328 401 405 
3 328 405 348 
3 402 338 339 
3 402 339 404 
3 398 402 404 
3 398 404 403 
3 127 408 128 
3 127 409 408 
3 127 410 409 
3 127 411 410 
3 127 412 411 
3 127 413 412 
3 127 414 413 
3 127 121 414 
3 128 408 134 
3 408 409 134 
3 409 410 134 
3 410 411 134 
3 411 412 134 
3 412 413 134 
3 413 414 134 
3 414 121 134 
3 415 139 135 
3 416 415 135 
3 417 416 135 
3 418 417 135 
3 419 418 135 
3 420 419 135 
3 421 420 135 
3 422 421 135 
3 423 422 135 
3 424 423 135 
3 135 137 424 
3 138 139 415 
3 138 415 416 
3 138 416 417 
3 138 417 418 
3 138 418 419 
3 138 419 420 
3 138 420 421 
3 138 421 422 
3 138 422 423 
3 138 423 424 
3 424 137 138 
3 155 425 144 
3 425 426 144 
3 426 427 145 
3 427 428 145 
3 428 429 152 
3 429 430 152 
3 430 431 153 
3 431 432 153 
3 432 433 149 
3 433 434 149 
3 434 154 148 
3 144 426 145 
3 145 428 152 
3 152 430 153 
3 153 432 149 
3 149 434 148 
3 155 144 148 
3 162 435 168 
3 162 436 435 
3 161 437 436 
3 161 438 437 
3 166 439 438 
3 166 440 439 
3 167 441 440 
3 167 442 441 
3 165 443 442 
3 165 444 443 
3 164 169 444 
3 161 436 162 
3 166 438 161 
3 167 440 166 
3 165 442 167 
3 164 444 165 
3 164 162 168 
3 160 445 446 
3 146 445 160 
3 146 447 445 
3 146 172 447 
3 160 446 184 
3 40 367 368 
3 40 368 7 
3 445 447 446 
3 40 7 184 
3 40 184 172 
3 184 446 447 
3 184 447 172 
3 233 231 202 
3 233 202 282 
3 233 282 234 
3 227 232 229 
3 226 225 230 
3 226 230 232 
3 226 232 227 
3 222 220 224 
3 222 224 228 
3 220 208 224 
3 217 221 218 
3 217 215 219 
3 217 219 221 
3 215 214 219 
3 210 209 213 
3 222 228 223 
3 211 216 212 
3 211 210 213 
3 211 213 216 
3 231 206 202 
3 278 277 257 
3 278 257 261 
3 260 278 261 
3 256 262 255 
3 259 252 251 
3 255 262 259 
3 255 259 251 
3 254 253 246 
3 254 246 248 
3 253 236 246 
3 245 249 243 
3 249 247 240 
3 249 240 243 
3 247 241 240 
3 242 235 237 
3 250 254 248 
3 239 244 238 
3 244 242 237 
3 244 237 238 
3 277 258 257 
3 448 449 372 
3 449 206 372 
3 450 448 372 
3 451 450 372 
3 452 451 372 
3 453 452 372 
3 454 453 372 
3 455 454 372 
3 456 455 372 
3 457 456 372 
3 372 205 207 
3 372 207 457 
3 457 207 203 
3 203 456 457 
3 203 455 456 
3 203 454 455 
3 203 453 454 
3 203 452 453 
3 203 451 452 
3 203 450 451 
3 203 448 450 
3 203 449 448 
3 203 206 449 
3 430 429 428 
3 430 428 427 
3 430 427 426 
3 430 426 425 
3 430 425 155 
3 430 155 154 
3 430 154 434 
3 430 434 433 
3 430 433 432 
3 430 432 431 
3 441 442 443 
3 441 443 444 
3 441 444 169 
3 441 169 168 
3 441 168 435 
3 441 435 436 
3 441 436 437 
3 441 437 438 
3 441 438 439 
3 441 439 440 
3 458 284 387 
3 284 275 387 
3 387 459 458 
3 387 460 459 
3 387 461 460 
3 387 462 461 
3 387 463 462 
3 387 464 463 
3 387 465 464 
3 387 466 465 
3 387 467 466 
3 387 258 467 
3 283 284 458 
3 458 459 283 
3 459 460 283 
3 460 461 283 
3 461 462 283 
3 462 463 283 
3 463 464 283 
3 464 465 283 
3 465 466 283 
3 466 467 283 
3 467 258 283 