3 0 1 2 cyan
3 3 2 4 cyan
3 5 6 7 cyan
3 8 9 10 cyan
3 11 12 9 cyan
3 13 14 15 cyan
3 16 17 14 cyan
3 18 19 20 cyan
3 21 22 23 cyan
3 24 25 21 cyan
3 26 27 24 cyan
3 28 29 26 cyan
3 30 31 28 cyan
3 32 33 30 cyan
3 34 35 32 cyan
3 36 37 34 cyan
3 38 39 36 cyan
3 40 41 38 cyan
3 42 43 44 cyan
3 44 45 46 cyan
3 46 47 48 cyan
3 48 49 50 cyan
3 50 51 52 cyan
3 52 53 54 cyan
3 54 55 56 cyan
3 56 57 58 cyan
3 58 59 60 cyan
3 60 61 7 cyan
3 62 63 64 cyan
3 64 65 66 cyan
3 66 67 68 cyan
3 68 69 70 cyan
3 70 71 72 cyan
3 72 73 74 cyan
3 75 76 77 cyan
3 78 79 75 cyan
3 80 81 78 cyan
3 82 83 80 cyan
3 74 84 82 cyan
3 85 86 87 cyan
3 88 89 85 cyan
3 90 91 88 cyan
3 92 93 90 cyan
3 94 95 92 cyan
3 96 97 94 cyan
3 98 99 96 cyan
3 100 101 102 cyan
3 102 103 104 cyan
3 104 105 106 cyan
3 106 107 108 cyan
3 108 109 110 cyan
3 110 111 112 cyan
3 112 113 114 cyan
3 115 116 117 cyan
3 115 117 118 cyan
3 118 119 115 cyan
3 120 117 116 cyan
3 120 118 117 cyan
3 120 119 118 cyan
3 121 122 116 cyan
3 121 123 122 cyan
3 121 124 123 cyan
3 121 125 124 cyan
3 116 122 126 cyan
3 127 125 121 cyan
3 127 125 121 cyan
3 127 128 125 cyan
3 116 129 121 cyan
3 129 130 121 cyan
3 130 131 121 cyan
3 131 132 121 cyan
3 133 129 116 cyan
3 134 132 121 cyan
3 121 132 134 cyan
3 132 128 134 cyan
3 135 136 137 cyan
3 137 136 138 cyan
3 139 140 135 cyan
3 136 135 141 cyan
3 141 135 140 cyan
3 138 142 139 cyan
3 143 138 136 cyan
3 142 138 143 cyan
3 144 145 146 cyan
3 144 146 147 cyan
3 148 144 147 cyan
3 149 148 147 cyan
3 149 147 150 cyan
3 146 145 151 cyan
3 151 145 152 cyan
3 151 152 153 cyan
3 151 153 150 cyan
3 153 149 150 cyan
3 154 155 148 cyan
3 156 157 158 cyan
3 159 157 156 cyan
3 160 161 162 cyan
3 163 160 162 cyan
3 163 162 164 cyan
3 163 164 165 cyan
3 159 163 165 cyan
3 157 161 160 cyan
3 166 161 157 cyan
3 167 166 157 cyan
3 159 167 157 cyan
3 159 165 167 cyan
3 164 168 169 cyan
3 170 146 160 cyan
3 170 160 171 cyan
3 172 146 151 cyan
3 172 151 173 cyan
3 147 174 175 cyan
3 147 175 150 cyan
3 174 176 177 cyan
3 174 177 175 cyan
3 176 178 179 cyan
3 176 179 177 cyan
3 178 180 181 cyan
3 178 181 179 cyan
3 180 182 183 cyan
3 180 183 181 cyan
3 182 163 159 cyan
3 182 159 183 cyan
3 160 184 185 cyan
3 160 185 157 cyan
3 157 185 186 cyan
3 157 186 158 cyan
3 183 159 156 cyan
3 183 156 187 cyan
3 181 183 187 cyan
3 181 187 188 cyan
3 179 181 188 cyan
3 179 188 189 cyan
3 177 179 189 cyan
3 177 189 190 cyan
3 175 177 190 cyan
3 175 190 191 cyan
3 150 175 191 cyan
3 150 191 192 cyan
3 151 150 192 cyan
3 151 192 193 cyan
3 173 151 193 cyan
3 173 193 194 cyan
3 170 195 147 cyan
3 170 147 146 cyan
3 195 196 174 cyan
3 195 174 147 cyan
3 196 197 176 cyan
3 196 176 174 cyan
3 197 198 178 cyan
3 197 178 176 cyan
3 198 199 180 cyan
3 198 180 178 cyan
3 199 200 182 cyan
3 199 182 180 cyan
3 200 201 163 cyan
3 200 163 182 cyan
3 201 171 160 cyan
3 201 160 163 cyan
3 201 195 170 cyan
3 201 170 171 cyan
3 196 195 201 cyan
3 196 201 200 cyan
3 197 196 200 cyan
3 197 200 199 cyan
3 198 197 199 cyan
3 202 203 204 cyan
3 204 203 205 cyan
3 203 202 206 cyan
3 207 205 203 cyan
3 208 209 186 cyan
3 158 186 209 cyan
3 158 209 210 cyan
3 156 158 210 cyan
3 156 210 211 cyan
3 187 156 211 cyan
3 187 211 212 cyan
3 213 209 214 cyan
3 213 214 215 cyan
3 216 213 215 cyan
3 216 215 217 cyan
3 212 216 217 cyan
3 212 217 218 cyan
3 219 214 208 cyan
3 219 208 220 cyan
3 221 219 220 cyan
3 221 220 222 cyan
3 218 221 222 cyan
3 218 222 223 cyan
3 224 208 225 cyan
3 224 225 226 cyan
3 224 226 227 cyan
3 224 227 228 cyan
3 228 227 229 cyan
3 228 229 223 cyan
3 230 225 206 cyan
3 230 206 231 cyan
3 232 233 234 cyan
3 232 234 229 cyan
3 230 231 233 cyan
3 230 233 232 cyan
3 187 229 234 cyan
3 187 223 229 cyan
3 187 218 223 cyan
3 187 212 218 cyan
3 206 208 186 cyan
3 206 225 208 cyan
3 194 235 236 cyan
3 237 235 194 cyan
3 237 194 193 cyan
3 238 237 193 cyan
3 238 193 192 cyan
3 239 238 192 cyan
3 239 192 191 cyan
3 240 241 235 cyan
3 240 235 242 cyan
3 243 240 242 cyan
3 243 242 244 cyan
3 245 243 244 cyan
3 245 244 239 cyan
3 246 236 241 cyan
3 246 241 247 cyan
3 248 246 247 cyan
3 248 247 249 cyan
3 250 248 249 cyan
3 250 249 245 cyan
3 251 252 236 cyan
3 251 236 253 cyan
3 254 255 251 cyan
3 254 251 253 cyan
3 250 256 255 cyan
3 250 255 254 cyan
3 257 258 252 cyan
3 257 252 259 cyan
3 256 260 261 cyan
3 256 261 262 cyan
3 262 261 257 cyan
3 262 257 259 cyan
3 260 256 191 cyan
3 256 250 191 cyan
3 250 245 191 cyan
3 245 239 191 cyan
3 194 236 258 cyan
3 236 252 258 cyan
3 204 205 263 cyan
3 204 263 264 cyan
3 265 204 264 cyan
3 265 264 266 cyan
3 267 265 266 cyan
3 267 266 268 cyan
3 140 267 268 cyan
3 140 268 141 cyan
3 269 142 143 cyan
3 269 143 270 cyan
3 271 269 270 cyan
3 271 270 272 cyan
3 273 271 272 cyan
3 273 272 274 cyan
3 275 273 274 cyan
3 275 274 276 cyan
3 277 278 271 cyan
3 277 271 273 cyan
3 278 260 269 cyan
3 278 269 271 cyan
3 260 279 142 cyan
3 260 142 269 cyan
3 279 280 139 cyan
3 279 139 142 cyan
3 280 281 140 cyan
3 280 140 139 cyan
3 281 234 267 cyan
3 281 267 140 cyan
3 234 282 265 cyan
3 234 265 267 cyan
3 282 202 204 cyan
3 282 204 265 cyan
3 188 187 234 cyan
3 188 234 281 cyan
3 189 188 281 cyan
3 189 281 280 cyan
3 190 189 280 cyan
3 190 280 279 cyan
3 191 190 279 cyan
3 191 279 260 cyan
3 235 241 236 cyan
3 214 209 208 cyan
3 273 283 277 cyan
3 275 283 273 cyan
3 258 277 283 cyan
3 283 275 284 cyan
3 285 286 287 cyan
3 288 289 290 cyan
3 291 288 290 cyan
3 291 290 292 cyan
3 293 294 295 cyan
3 296 297 298 cyan
3 299 296 298 cyan
3 299 298 300 cyan
3 301 302 303 cyan
3 301 303 304 cyan
3 305 301 304 cyan
3 276 274 306 cyan
3 276 306 307 cyan
3 274 272 308 cyan
3 274 308 306 cyan
3 272 270 309 cyan
3 272 309 308 cyan
3 270 143 310 cyan
3 270 310 309 cyan
3 143 136 311 cyan
3 143 311 310 cyan
3 136 141 312 cyan
3 136 312 311 cyan
3 141 268 313 cyan
3 141 313 312 cyan
3 268 266 314 cyan
3 268 314 313 cyan
3 266 264 315 cyan
3 266 315 314 cyan
3 264 263 316 cyan
3 264 316 315 cyan
3 307 306 317 cyan
3 307 317 318 cyan
3 306 308 319 cyan
3 306 319 317 cyan
3 308 309 320 cyan
3 308 320 319 cyan
3 309 310 321 cyan
3 309 321 320 cyan
3 310 311 322 cyan
3 310 322 321 cyan
3 311 312 323 cyan
3 311 323 322 cyan
3 312 313 324 cyan
3 312 324 323 cyan
3 313 314 325 cyan
3 313 325 324 cyan
3 314 315 326 cyan
3 314 326 325 cyan
3 315 316 327 cyan
3 315 327 326 cyan
3 326 327 328 cyan
3 326 328 329 cyan
3 325 326 329 cyan
3 325 329 330 cyan
3 324 325 330 cyan
3 324 330 331 cyan
3 323 324 331 cyan
3 323 331 332 cyan
3 322 323 332 cyan
3 322 332 333 cyan
3 321 322 333 cyan
3 321 333 334 cyan
3 320 321 334 cyan
3 320 334 335 cyan
3 319 320 335 cyan
3 319 335 336 cyan
3 317 319 336 cyan
3 317 336 337 cyan
3 318 317 337 cyan
3 318 337 338 cyan
3 339 340 129 cyan
3 339 129 133 cyan
3 340 341 130 cyan
3 340 130 129 cyan
3 341 342 131 cyan
3 341 131 130 cyan
3 342 343 132 cyan
3 342 132 131 cyan
3 343 302 128 cyan
3 343 128 132 cyan
3 302 344 125 cyan
3 302 125 128 cyan
3 344 345 124 cyan
3 344 124 125 cyan
3 345 346 123 cyan
3 345 123 124 cyan
3 346 347 122 cyan
3 346 122 123 cyan
3 347 348 126 cyan
3 347 126 122 cyan
3 329 328 348 cyan
3 329 348 347 cyan
3 330 329 347 cyan
3 330 347 346 cyan
3 331 330 346 cyan
3 331 346 345 cyan
3 332 331 345 cyan
3 332 345 344 cyan
3 333 332 344 cyan
3 333 344 302 cyan
3 334 333 302 cyan
3 334 302 343 cyan
3 335 334 343 cyan
3 335 343 342 cyan
3 336 335 342 cyan
3 336 342 341 cyan
3 337 336 341 cyan
3 337 341 340 cyan
3 338 337 340 cyan
3 338 340 339 cyan
3 116 126 349 cyan
3 116 349 120 cyan
3 350 133 116 cyan
3 115 350 116 cyan
3 351 352 353 cyan
3 351 353 354 cyan
3 352 172 173 cyan
3 352 173 353 cyan
3 184 355 356 cyan
3 184 356 185 cyan
3 355 357 358 cyan
3 355 358 356 cyan
3 357 359 360 cyan
3 357 360 358 cyan
3 359 351 354 cyan
3 359 354 360 cyan
3 360 354 361 cyan
3 360 361 362 cyan
3 358 360 362 cyan
3 358 362 363 cyan
3 356 358 363 cyan
3 356 363 364 cyan
3 185 356 364 cyan
3 185 364 186 cyan
3 353 173 194 cyan
3 353 194 365 cyan
3 354 353 365 cyan
3 354 365 361 cyan
3 366 367 352 cyan
3 366 352 351 cyan
3 367 40 172 cyan
3 367 172 352 cyan
3 7 368 355 cyan
3 7 355 184 cyan
3 368 369 357 cyan
3 368 357 355 cyan
3 369 370 359 cyan
3 369 359 357 cyan
3 370 366 351 cyan
3 370 351 359 cyan
3 367 366 370 cyan
3 367 370 369 cyan
3 367 369 368 cyan
3 371 372 373 cyan
3 206 373 372 cyan
3 205 372 371 cyan
3 374 375 376 cyan
3 374 376 377 cyan
3 186 364 373 cyan
3 186 373 206 cyan
3 378 377 376 cyan
3 378 376 379 cyan
3 371 378 379 cyan
3 371 379 380 cyan
3 205 371 380 cyan
3 205 380 263 cyan
3 381 275 276 cyan
3 381 276 382 cyan
3 374 381 382 cyan
3 374 382 375 cyan
3 383 384 381 cyan
3 383 381 374 cyan
3 373 385 378 cyan
3 373 378 371 cyan
3 385 386 377 cyan
3 385 377 378 cyan
3 386 383 374 cyan
3 386 374 377 cyan
3 362 361 383 cyan
3 362 383 386 cyan
3 363 362 386 cyan
3 363 386 385 cyan
3 364 363 385 cyan
3 364 385 373 cyan
3 365 194 258 cyan
3 365 258 384 cyan
3 361 365 384 cyan
3 361 384 383 cyan
3 384 387 381 cyan
3 381 387 275 cyan
3 387 384 258 cyan
3 98 172 23 cyan
3 114 42 184 cyan
3 375 382 388 cyan
3 375 388 389 cyan
3 382 276 307 cyan
3 382 307 388 cyan
3 263 380 390 cyan
3 263 390 316 cyan
3 380 379 391 cyan
3 380 391 390 cyan
3 379 376 392 cyan
3 379 392 391 cyan
3 376 375 389 cyan
3 376 389 392 cyan
3 389 388 393 cyan
3 389 393 394 cyan
3 388 307 318 cyan
3 388 318 393 cyan
3 316 390 395 cyan
3 316 395 327 cyan
3 390 391 396 cyan
3 390 396 395 cyan
3 391 392 397 cyan
3 391 397 396 cyan
3 392 389 394 cyan
3 392 394 397 cyan
3 397 394 398 cyan
3 397 398 399 cyan
3 396 397 399 cyan
3 396 399 400 cyan
3 395 396 400 cyan
3 395 400 401 cyan
3 327 395 401 cyan
3 327 401 328 cyan
3 393 318 338 cyan
3 393 338 402 cyan
3 394 393 402 cyan
3 394 402 398 cyan
3 403 404 350 cyan
3 403 350 115 cyan
3 404 339 133 cyan
3 404 133 350 cyan
3 348 405 349 cyan
3 348 349 126 cyan
3 405 406 120 cyan
3 405 120 349 cyan
3 406 407 119 cyan
3 406 119 120 cyan
3 407 403 115 cyan
3 407 115 119 cyan
3 399 398 403 cyan
3 399 403 407 cyan
3 400 399 407 cyan
3 400 407 406 cyan
3 401 400 406 cyan
3 401 406 405 cyan
3 328 401 405 cyan
3 328 405 348 cyan
3 402 338 339 cyan
3 402 339 404 cyan
3 398 402 404 cyan
3 398 404 403 cyan
3 127 408 128 cyan
3 127 409 408 cyan
3 127 410 409 cyan
3 127 411 410 cyan
3 127 412 411 cyan
3 127 413 412 cyan
3 127 414 413 cyan
3 127 121 414 cyan
3 128 408 134 cyan
3 408 409 134 cyan
3 409 410 134 cyan
3 410 411 134 cyan
3 411 412 134 cyan
3 412 413 134 cyan
3 413 414 134 cyan
3 414 121 134 cyan
3 415 139 135 cyan
3 416 415 135 cyan
3 417 416 135 cyan
3 418 417 135 cyan
3 419 418 135 cyan
3 420 419 135 cyan
3 421 420 135 cyan
3 422 421 135 cyan
3 423 422 135 cyan
3 424 423 135 cyan
3 135 137 424 cyan
3 138 139 415 cyan
3 138 415 416 cyan
3 138 416 417 cyan
3 138 417 418 cyan
3 138 418 419 cyan
3 138 419 420 cyan
3 138 420 421 cyan
3 138 421 422 cyan
3 138 422 423 cyan
3 138 423 424 cyan
3 424 137 138 cyan
3 155 425 144 cyan
3 425 426 144 cyan
3 426 427 145 cyan
3 427 428 145 cyan
3 428 429 152 cyan
3 429 430 152 cyan
3 430 431 153 cyan
3 431 432 153 cyan
3 432 433 149 cyan
3 433 434 149 cyan
3 434 154 148 cyan
3 144 426 145 cyan
3 145 428 152 cyan
3 152 430 153 cyan
3 153 432 149 cyan
3 149 434 148 cyan
3 155 144 148 cyan
3 162 435 168 cyan
3 162 436 435 cyan
3 161 437 436 cyan
3 161 438 437 cyan
3 166 439 438 cyan
3 166 440 439 cyan
3 167 441 440 cyan
3 167 442 441 cyan
3 165 443 442 cyan
3 165 444 443 cyan
3 164 169 444 cyan
3 161 436 162 cyan
3 166 438 161 cyan
3 167 440 166 cyan
3 165 442 167 cyan
3 164 444 165 cyan
3 164 162 168 cyan
3 160 445 446 cyan
3 146 445 160 cyan
3 146 447 445 cyan
3 146 172 447 cyan
3 160 446 184 cyan
3 40 367 368 cyan
3 40 368 7 cyan
3 445 447 446 cyan
3 40 7 184 cyan
3 40 184 172 cyan
3 184 446 447 cyan
3 184 447 172 cyan
3 233 231 202 cyan
3 233 202 282 cyan
3 233 282 234 cyan
3 227 232 229 cyan
3 226 225 230 cyan
3 226 230 232 cyan
3 226 232 227 cyan
3 222 220 224 cyan
3 222 224 228 cyan
3 220 208 224 cyan
3 217 221 218 cyan
3 217 215 219 cyan
3 217 219 221 cyan
3 215 214 219 cyan
3 210 209 213 cyan
3 222 228 223 cyan
3 211 216 212 cyan
3 211 210 213 cyan
3 211 213 216 cyan
3 231 206 202 cyan
3 278 277 257 cyan
3 278 257 261 cyan
3 260 278 261 cyan
3 256 262 255 cyan
3 259 252 251 cyan
3 255 262 259 cyan
3 255 259 251 cyan
3 254 253 246 cyan
3 254 246 248 cyan
3 253 236 246 cyan
3 245 249 243 cyan
3 249 247 240 cyan
3 249 240 243 cyan
3 247 241 240 cyan
3 242 235 237 cyan
3 250 254 248 cyan
3 239 244 238 cyan
3 244 242 237 cyan
3 244 237 238 cyan
3 277 258 257 cyan
3 448 449 372 cyan
3 449 206 372 cyan
3 450 448 372 cyan
3 451 450 372 cyan
3 452 451 372 cyan
3 453 452 372 cyan
3 454 453 372 cyan
3 455 454 372 cyan
3 456 455 372 cyan
3 457 456 372 cyan
3 372 205 207 cyan
3 372 207 457 cyan
3 457 207 203 cyan
3 203 456 457 cyan
3 203 455 456 cyan
3 203 454 455 cyan
3 203 453 454 cyan
3 203 452 453 cyan
3 203 451 452 cyan
3 203 450 451 cyan
3 203 448 450 cyan
3 203 449 448 cyan
3 203 206 449 cyan
3 430 429 428 cyan
3 430 428 427 cyan
3 430 427 426 cyan
3 430 426 425 cyan
3 430 425 155 cyan
3 430 155 154 cyan
3 430 154 434 cyan
3 430 434 433 cyan
3 430 433 432 cyan
3 430 432 431 cyan
3 441 442 443 cyan
3 441 443 444 cyan
3 441 444 169 cyan
3 441 169 168 cyan
3 441 168 435 cyan
3 441 435 436 cyan
3 441 436 437 cyan
3 441 437 438 cyan
3 441 438 439 cyan
3 441 439 440 cyan
3 458 284 387 cyan
3 284 275 387 cyan
3 387 459 458 cyan
3 387 460 459 cyan
3 387 461 460 cyan
3 387 462 461 cyan
3 387 463 462 cyan
3 387 464 463 cyan
3 387 465 464 cyan
3 387 466 465 cyan
3 387 467 466 cyan
3 387 258 467 cyan
3 283 284 458 cyan
3 458 459 283 cyan
3 459 460 283 cyan
3 460 461 283 cyan
3 461 462 283 cyan
3 462 463 283 cyan
3 463 464 283 cyan
3 464 465 283 cyan
3 465 466 283 cyan
3 466 467 283 cyan
3 467 258 283 cyan
